Name		Cr 2p	Cr 2p	Cr 2p	Cr 2p	Cr 2p	Cr 2p				
Position		577.279	586.479	574.585	583.785	571.914	581.114				
FWHM		3.33963	3.33963	3.12926	3.12926	0.866625	0.866625				
Area		2403.7	1201.8	3946.5	1973.2	130.8	65.388				
Lineshape		GL(30)	GL(30)	GL(30)	GL(30)	GL(30)	GL(30)				

B.E.	Cycle 4:Cr 2p/35:CPS	Cr 2p/35:Cr 2p	Cr 2p/35:Cr 2p	Cr 2p/35:Cr 2p	Cr 2p/35:Cr 2p	Cr 2p/35:Cr 2p	Cr 2p/35:Cr 2p	Background	Envelope		
5.950000e+002	2.430459e+003	2.430459e+003	2.430460e+003	2.430459e+003	2.430459e+003	2.430459e+003	2.430459e+003	2.430459e+003	2.430460e+003		
5.949000e+002	2.417918e+003	2.417918e+003	2.417918e+003	2.417918e+003	2.417918e+003	2.417918e+003	2.417918e+003	2.417918e+003	2.417918e+003		
5.948000e+002	2.406543e+003	2.406543e+003	2.406543e+003	2.406543e+003	2.406543e+003	2.406543e+003	2.406543e+003	2.406543e+003	2.406543e+003		
5.947000e+002	2.415001e+003	2.415001e+003	2.415002e+003	2.415001e+003	2.415001e+003	2.415001e+003	2.415001e+003	2.415001e+003	2.415002e+003		
5.946000e+002	2.405959e+003	2.405959e+003	2.405960e+003	2.405959e+003	2.405959e+003	2.405959e+003	2.405959e+003	2.405959e+003	2.405960e+003		
5.945000e+002	2.410626e+003	2.410626e+003	2.410627e+003	2.410626e+003	2.410626e+003	2.410626e+003	2.410626e+003	2.410626e+003	2.410627e+003		
5.944000e+002	2.408584e+003	2.408584e+003	2.408586e+003	2.408584e+003	2.408584e+003	2.408584e+003	2.408584e+003	2.408584e+003	2.408586e+003		
5.943000e+002	2.426376e+003	2.426376e+003	2.426379e+003	2.426376e+003	2.426376e+003	2.426376e+003	2.426376e+003	2.426376e+003	2.426379e+003		
5.942000e+002	2.400418e+003	2.400418e+003	2.400421e+003	2.400418e+003	2.400418e+003	2.400418e+003	2.400418e+003	2.400418e+003	2.400421e+003		
5.941000e+002	2.397209e+003	2.397209e+003	2.397214e+003	2.397209e+003	2.397209e+003	2.397209e+003	2.397209e+003	2.397209e+003	2.397214e+003		
5.940000e+002	2.375043e+003	2.375043e+003	2.375048e+003	2.375043e+003	2.375043e+003	2.375043e+003	2.375043e+003	2.375043e+003	2.375048e+003		
5.939000e+002	2.400709e+003	2.400709e+003	2.400717e+003	2.400709e+003	2.400709e+003	2.400709e+003	2.400709e+003	2.400709e+003	2.400717e+003		
5.938000e+002	2.433376e+003	2.433376e+003	2.433386e+003	2.433376e+003	2.433376e+003	2.433376e+003	2.433376e+003	2.433376e+003	2.433386e+003		
5.937000e+002	2.419376e+003	2.419376e+003	2.419388e+003	2.419376e+003	2.419376e+003	2.419376e+003	2.419376e+003	2.419376e+003	2.419388e+003		
5.936000e+002	2.344126e+003	2.344126e+003	2.344142e+003	2.344126e+003	2.344126e+003	2.344126e+003	2.344126e+003	2.344126e+003	2.344142e+003		
5.935000e+002	2.365418e+003	2.365418e+003	2.365438e+003	2.365418e+003	2.365418e+003	2.365418e+003	2.365418e+003	2.365418e+003	2.365438e+003		
5.934000e+002	2.399251e+003	2.399251e+003	2.399277e+003	2.399251e+003	2.399251e+003	2.399251e+003	2.399251e+003	2.399251e+003	2.399277e+003		
5.933000e+002	2.393418e+003	2.393418e+003	2.393451e+003	2.393418e+003	2.393418e+003	2.393418e+003	2.393418e+003	2.393418e+003	2.393451e+003		
5.932000e+002	2.386709e+003	2.386709e+003	2.386752e+003	2.386709e+003	2.386709e+003	2.386709e+003	2.386709e+003	2.386709e+003	2.386752e+003		
5.931000e+002	2.410918e+003	2.410918e+003	2.410972e+003	2.410918e+003	2.410918e+003	2.410918e+003	2.410918e+003	2.410918e+003	2.410972e+003		
5.930000e+002	2.385543e+003	2.385543e+003	2.385611e+003	2.385543e+003	2.385543e+003	2.385543e+003	2.385543e+003	2.385543e+003	2.385611e+003		
5.929000e+002	2.388751e+003	2.388751e+003	2.388837e+003	2.388751e+003	2.388751e+003	2.388751e+003	2.388751e+003	2.388751e+003	2.388837e+003		
5.928000e+002	2.348793e+003	2.348793e+003	2.348901e+003	2.348793e+003	2.348793e+003	2.348793e+003	2.348793e+003	2.348793e+003	2.348901e+003		
5.927000e+002	2.368626e+003	2.368626e+003	2.368762e+003	2.368626e+003	2.368626e+003	2.368626e+003	2.368626e+003	2.368626e+003	2.368762e+003		
5.926000e+002	2.360751e+003	2.360751e+003	2.360921e+003	2.360751e+003	2.360751e+003	2.360751e+003	2.360751e+003	2.360751e+003	2.360921e+003		
5.925000e+002	2.377668e+003	2.377668e+003	2.377880e+003	2.377668e+003	2.377668e+003	2.377668e+003	2.377668e+003	2.377668e+003	2.377880e+003		
5.924000e+002	2.365418e+003	2.365418e+003	2.365681e+003	2.365418e+003	2.365418e+003	2.365418e+003	2.365418e+003	2.365418e+003	2.365682e+003		
5.923000e+002	2.373876e+003	2.373876e+003	2.374203e+003	2.373876e+003	2.373876e+003	2.373876e+003	2.373876e+003	2.373876e+003	2.374203e+003		
5.922000e+002	2.330709e+003	2.330709e+003	2.331114e+003	2.330709e+003	2.330709e+003	2.330709e+003	2.330709e+003	2.330709e+003	2.331114e+003		
5.921000e+002	2.370959e+003	2.370959e+003	2.371458e+003	2.370959e+003	2.370960e+003	2.370959e+003	2.370959e+003	2.370959e+003	2.371459e+003		
5.920000e+002	2.330709e+003	2.330709e+003	2.331323e+003	2.330709e+003	2.330710e+003	2.330709e+003	2.330709e+003	2.330709e+003	2.331323e+003		
5.919000e+002	2.298918e+003	2.298918e+003	2.299670e+003	2.298918e+003	2.298918e+003	2.298918e+003	2.298918e+003	2.298918e+003	2.299670e+003		
5.918000e+002	2.301251e+003	2.301251e+003	2.302169e+003	2.301251e+003	2.301252e+003	2.301251e+003	2.301251e+003	2.301251e+003	2.302170e+003		
5.917000e+002	2.331293e+003	2.331293e+003	2.332410e+003	2.331293e+003	2.331293e+003	2.331293e+003	2.331293e+003	2.331293e+003	2.332411e+003		
5.916000e+002	2.343543e+003	2.343543e+003	2.344898e+003	2.343543e+003	2.343544e+003	2.343543e+003	2.343543e+003	2.343543e+003	2.344899e+003		
5.915000e+002	2.326334e+003	2.326334e+003	2.327979e+003	2.326334e+003	2.326336e+003	2.326334e+003	2.326334e+003	2.326334e+003	2.327980e+003		
5.914000e+002	2.330126e+003	2.330126e+003	2.332113e+003	2.330126e+003	2.330128e+003	2.330126e+003	2.330126e+003	2.330126e+003	2.332115e+003		
5.913000e+002	2.349959e+003	2.349959e+003	2.352352e+003	2.349959e+003	2.349962e+003	2.349959e+003	2.349959e+003	2.349959e+003	2.352355e+003		
5.912000e+002	2.329834e+003	2.329834e+003	2.332705e+003	2.329834e+003	2.329838e+003	2.329834e+003	2.329834e+003	2.329834e+003	2.332709e+003		
5.911000e+002	2.330709e+003	2.330709e+003	2.334142e+003	2.330709e+003	2.330714e+003	2.330709e+003	2.330709e+003	2.330709e+003	2.334147e+003		
5.910000e+002	2.290168e+003	2.290168e+003	2.294259e+003	2.290168e+003	2.290174e+003	2.290168e+003	2.290168e+003	2.290168e+003	2.294265e+003		
5.909000e+002	2.286376e+003	2.286376e+003	2.291244e+003	2.286376e+003	2.286384e+003	2.286376e+003	2.286376e+003	2.286376e+003	2.291252e+003		
5.908000e+002	2.312334e+003	2.312334e+003	2.318113e+003	2.312334e+003	2.312345e+003	2.312334e+003	2.312334e+003	2.312334e+003	2.318124e+003		
5.907000e+002	2.336251e+003	2.312924e+003	2.319761e+003	2.312924e+003	2.312938e+003	2.312924e+003	2.312924e+003	2.312924e+003	2.319775e+003		
5.906000e+002	2.290751e+003	2.312747e+003	2.320806e+003	2.312747e+003	2.312766e+003	2.312747e+003	2.312747e+003	2.312747e+003	2.320825e+003		
5.905000e+002	2.342959e+003	2.312501e+003	2.321969e+003	2.312501e+003	2.312526e+003	2.312501e+003	2.312501e+003	2.312501e+003	2.321994e+003		
5.904000e+002	2.310584e+003	2.312486e+003	2.323572e+003	2.312486e+003	2.312518e+003	2.312486e+003	2.312486e+003	2.312486e+003	2.323604e+003		
5.903000e+002	2.313501e+003	2.312478e+003	2.325415e+003	2.312478e+003	2.312520e+003	2.312478e+003	2.312478e+003	2.312478e+003	2.325457e+003		
5.902000e+002	2.325751e+003	2.312370e+003	2.327452e+003	2.312370e+003	2.312425e+003	2.312370e+003	2.312370e+003	2.312370e+003	2.327506e+003		
5.901000e+002	2.357543e+003	2.312003e+003	2.329522e+003	2.312003e+003	2.312074e+003	2.312003e+003	2.312003e+003	2.312003e+003	2.329593e+003		
5.900000e+002	2.335668e+003	2.311810e+003	2.332091e+003	2.311810e+003	2.311902e+003	2.311810e+003	2.311810e+003	2.311810e+003	2.332183e+003		
5.899000e+002	2.327793e+003	2.311681e+003	2.335077e+003	2.311681e+003	2.311798e+003	2.311681e+003	2.311681e+003	2.311681e+003	2.335195e+003		
5.898000e+002	2.328376e+003	2.311545e+003	2.338444e+003	2.311545e+003	2.311696e+003	2.311545e+003	2.311545e+003	2.311545e+003	2.338595e+003		
5.897000e+002	2.331293e+003	2.311385e+003	2.342206e+003	2.311385e+003	2.311578e+003	2.311385e+003	2.311385e+003	2.311385e+003	2.342399e+003		
5.896000e+002	2.295418e+003	2.311257e+003	2.346477e+003	2.311257e+003	2.311503e+003	2.311257e+003	2.311257e+003	2.311257e+003	2.346723e+003		
5.895000e+002	2.342959e+003	2.310999e+003	2.351143e+003	2.310999e+003	2.311312e+003	2.310999e+003	2.310999e+003	2.310999e+003	2.351455e+003		
5.894000e+002	2.329251e+003	2.310851e+003	2.356443e+003	2.310851e+003	2.311245e+003	2.310851e+003	2.310851e+003	2.310851e+003	2.356838e+003		
5.893000e+002	2.299501e+003	2.310760e+003	2.362358e+003	2.310760e+003	2.311259e+003	2.310760e+003	2.310760e+003	2.310760e+003	2.362857e+003		
5.892000e+002	2.338001e+003	2.310539e+003	2.368727e+003	2.310539e+003	2.311166e+003	2.310539e+003	2.310539e+003	2.310539e+003	2.369354e+003		
5.891000e+002	2.348209e+003	2.310233e+003	2.375621e+003	2.310233e+003	2.311018e+003	2.310233e+003	2.310233e+003	2.310233e+003	2.376406e+003		
5.890000e+002	2.369501e+003	2.309751e+003	2.382970e+003	2.309751e+003	2.310729e+003	2.309751e+003	2.309751e+003	2.309751e+003	2.383947e+003		
5.889000e+002	2.367459e+003	2.309282e+003	2.391040e+003	2.309282e+003	2.310499e+003	2.309282e+003	2.309282e+003	2.309282e+003	2.392257e+003		
5.888000e+002	2.371543e+003	2.308776e+003	2.399743e+003	2.308776e+003	2.310287e+003	2.308776e+003	2.308776e+003	2.308776e+003	2.401254e+003		
5.887000e+002	2.366293e+003	2.308309e+003	2.409141e+003	2.308309e+003	2.310176e+003	2.308309e+003	2.308309e+003	2.308309e+003	2.411008e+003		
5.886000e+002	2.399251e+003	2.307570e+003	2.418914e+003	2.307570e+003	2.309866e+003	2.307570e+003	2.307570e+003	2.307570e+003	2.421210e+003		
5.885000e+002	2.409168e+003	2.306744e+003	2.429226e+003	2.306744e+003	2.309559e+003	2.306744e+003	2.306744e+003	2.306744e+003	2.432041e+003		
5.884000e+002	2.423459e+003	2.305796e+003	2.440010e+003	2.305796e+003	2.309246e+003	2.305796e+003	2.305796e+003	2.305796e+003	2.443460e+003		
5.883000e+002	2.468959e+003	2.304470e+003	2.450981e+003	2.304470e+003	2.308677e+003	2.304470e+003	2.304470e+003	2.304470e+003	2.455188e+003		
5.882000e+002	2.436293e+003	2.303399e+003	2.462736e+003	2.303399e+003	2.308506e+003	2.303399e+003	2.303399e+003	2.303399e+003	2.467843e+003		
5.881000e+002	2.474793e+003	2.302006e+003	2.474575e+003	2.302006e+003	2.308179e+003	2.302006e+003	2.302006e+003	2.302006e+003	2.480747e+003		
5.880000e+002	2.537501e+003	2.300093e+003	2.486209e+003	2.300093e+003	2.307551e+003	2.300093e+003	2.300093e+003	2.300093e+003	2.493667e+003		
5.879000e+002	2.542459e+003	2.298124e+003	2.498000e+003	2.298124e+003	2.307099e+003	2.298124e+003	2.298124e+003	2.298124e+003	2.506975e+003		
5.878000e+002	2.538376e+003	2.296171e+003	2.509902e+003	2.296171e+003	2.306925e+003	2.296171e+003	2.296171e+003	2.296171e+003	2.520656e+003		
5.877000e+002	2.548293e+003	2.294123e+003	2.521672e+003	2.294123e+003	2.306951e+003	2.294123e+003	2.294123e+003	2.294123e+003	2.534501e+003		
5.876000e+002	2.541293e+003	2.292114e+003	2.533281e+003	2.292114e+003	2.307382e+003	2.292114e+003	2.292114e+003	2.292114e+003	2.548549e+003		
5.875000e+002	2.545376e+003	2.290056e+003	2.544469e+003	2.290056e+003	2.308185e+003	2.290056e+003	2.290056e+003	2.290056e+003	2.562597e+003		
5.874000e+002	2.603126e+003	2.287513e+003	2.554647e+003	2.287513e+003	2.308942e+003	2.287513e+003	2.287513e+003	2.287513e+003	2.576077e+003		
5.873000e+002	2.594084e+003	2.285021e+003	2.564191e+003	2.285021e+003	2.310246e+003	2.285021e+003	2.285021e+003	2.285021e+003	2.589415e+003		
5.872000e+002	2.611584e+003	2.282368e+003	2.572722e+003	2.282368e+003	2.311946e+003	2.282368e+003	2.282368e+003	2.282368e+003	2.602300e+003		
5.871000e+002	2.630251e+003	2.279541e+003	2.580070e+003	2.279541e+003	2.314176e+003	2.279541e+003	2.279541e+003	2.279541e+003	2.614705e+003		
5.870000e+002	2.618001e+003	2.276791e+003	2.586329e+003	2.276791e+003	2.317171e+003	2.276791e+003	2.276791e+003	2.276791e+003	2.626709e+003		
5.869000e+002	2.643376e+003	2.273812e+003	2.590894e+003	2.273812e+003	2.320690e+003	2.273812e+003	2.273812e+003	2.273812e+003	2.637772e+003		
5.868000e+002	2.637834e+003	2.270854e+003	2.594032e+003	2.270854e+003	2.325049e+003	2.270854e+003	2.270854e+003	2.270854e+003	2.648227e+003		
5.867000e+002	2.630251e+003	2.267934e+003	2.595660e+003	2.267934e+003	2.330446e+003	2.267934e+003	2.267934e+003	2.267934e+003	2.658172e+003		
5.866000e+002	2.625001e+003	2.265033e+003	2.595686e+003	2.265033e+003	2.336871e+003	2.265033e+003	2.265033e+003	2.265033e+003	2.667524e+003		
5.865000e+002	2.702584e+003	2.261477e+003	2.593385e+003	2.261477e+003	2.343681e+003	2.261477e+003	2.261477e+003	2.261477e+003	2.675589e+003		
5.864000e+002	2.723293e+003	2.257725e+003	2.589194e+003	2.257725e+003	2.351394e+003	2.257725e+003	2.257725e+003	2.257725e+003	2.682864e+003		
5.863000e+002	2.695293e+003	2.254169e+003	2.583431e+003	2.254169e+003	2.360534e+003	2.254169e+003	2.254169e+003	2.254169e+003	2.689796e+003		
5.862000e+002	2.709001e+003	2.250474e+003	2.575773e+003	2.250474e+003	2.370865e+003	2.250474e+003	2.250474e+003	2.250474e+003	2.696165e+003		
5.861000e+002	2.730001e+003	2.246577e+003	2.566338e+003	2.246577e+003	2.382251e+003	2.246577e+003	2.246577e+003	2.246577e+003	2.702013e+003		
5.860000e+002	2.664668e+003	2.243180e+003	2.555921e+003	2.243180e+003	2.395415e+003	2.243180e+003	2.243180e+003	2.243180e+003	2.708156e+003		
5.859000e+002	2.712209e+003	2.239369e+003	2.543719e+003	2.239369e+003	2.409455e+003	2.239369e+003	2.239369e+003	2.239369e+003	2.713806e+003		
5.858000e+002	2.712501e+003	2.235525e+003	2.530246e+003	2.235524e+003	2.424937e+003	2.235524e+003	2.235524e+003	2.235524e+003	2.719659e+003		
5.857000e+002	2.769959e+003	2.231183e+003	2.515182e+003	2.231182e+003	2.441159e+003	2.231182e+003	2.231182e+003	2.231182e+003	2.725160e+003		
5.856000e+002	2.743709e+003	2.227018e+003	2.499284e+003	2.227017e+003	2.458738e+003	2.227017e+003	2.227017e+003	2.227017e+003	2.731006e+003		
5.855000e+002	2.707251e+003	2.223117e+003	2.482889e+003	2.223115e+003	2.477673e+003	2.223115e+003	2.223115e+003	2.223115e+003	2.737449e+003		
5.854000e+002	2.758876e+003	2.218764e+003	2.465465e+003	2.218761e+003	2.497223e+003	2.218761e+003	2.218761e+003	2.218761e+003	2.743930e+003		
5.853000e+002	2.787459e+003	2.214143e+003	2.447360e+003	2.214140e+003	2.517354e+003	2.214140e+003	2.214140e+003	2.214140e+003	2.750576e+003		
5.852000e+002	2.828293e+003	2.209154e+003	2.428625e+003	2.209150e+003	2.537729e+003	2.209150e+003	2.209150e+003	2.209150e+003	2.757208e+003		
5.851000e+002	2.785126e+003	2.204475e+003	2.410091e+003	2.204470e+003	2.558813e+003	2.204470e+003	2.204470e+003	2.204470e+003	2.764439e+003		
5.850000e+002	2.821001e+003	2.199467e+003	2.391257e+003	2.199460e+003	2.579722e+003	2.199460e+003	2.199460e+003	2.199460e+003	2.771525e+003		
5.849000e+002	2.800001e+003	2.194589e+003	2.372734e+003	2.194581e+003	2.600585e+003	2.194581e+003	2.194581e+003	2.194581e+003	2.778747e+003		
5.848000e+002	2.817793e+003	2.189528e+003	2.354310e+003	2.189517e+003	2.620779e+003	2.189517e+003	2.189517e+003	2.189517e+003	2.785583e+003		
5.847000e+002	2.804960e+003	2.184530e+003	2.336327e+003	2.184516e+003	2.640232e+003	2.184516e+003	2.184516e+003	2.184516e+003	2.792059e+003		
5.846000e+002	2.798251e+003	2.179548e+003	2.318815e+003	2.179529e+003	2.658569e+003	2.179529e+003	2.179529e+003	2.179529e+003	2.797874e+003		
5.845000e+002	2.794168e+003	2.174559e+003	2.301817e+003	2.174535e+003	2.675177e+003	2.174535e+003	2.174535e+003	2.174535e+003	2.802484e+003		
5.844000e+002	2.815751e+003	2.169356e+003	2.285176e+003	2.169324e+003	2.689665e+003	2.169324e+003	2.169324e+003	2.169324e+003	2.805548e+003		
5.843000e+002	2.816918e+003	2.164103e+003	2.269142e+003	2.164062e+003	2.701904e+003	2.164062e+003	2.164062e+003	2.164062e+003	2.807024e+003		
5.842000e+002	2.853085e+003	2.158516e+003	2.253438e+003	2.158463e+003	2.711320e+003	2.158463e+003	2.158463e+003	2.158463e+003	2.806347e+003		
5.841000e+002	2.829168e+003	2.153080e+003	2.238538e+003	2.153014e+003	2.717883e+003	2.153014e+003	2.153014e+003	2.153014e+003	2.803474e+003		
5.840000e+002	2.796793e+003	2.147867e+003	2.224513e+003	2.147783e+003	2.721448e+003	2.147783e+003	2.147783e+003	2.147783e+003	2.798263e+003		
5.839000e+002	2.744876e+003	2.143039e+003	2.211519e+003	2.142931e+003	2.722220e+003	2.142931e+003	2.142931e+003	2.142931e+003	2.790916e+003		
5.838000e+002	2.784543e+003	2.137853e+003	2.198803e+003	2.137717e+003	2.719355e+003	2.137717e+003	2.137717e+003	2.137717e+003	2.780577e+003		
5.837000e+002	2.733501e+003	2.133048e+003	2.187084e+003	2.132876e+003	2.713451e+003	2.132876e+003	2.132876e+003	2.132876e+003	2.767830e+003		
5.836000e+002	2.763834e+003	2.127966e+003	2.175741e+003	2.127749e+003	2.703538e+003	2.127749e+003	2.127749e+003	2.127749e+003	2.751747e+003		
5.835000e+002	2.656209e+003	2.123728e+003	2.165798e+003	2.123455e+003	2.691258e+003	2.123455e+003	2.123455e+003	2.123455e+003	2.733872e+003		
5.834000e+002	2.615084e+003	2.119801e+003	2.156690e+003	2.119461e+003	2.676221e+003	2.119461e+003	2.119461e+003	2.119461e+003	2.713791e+003		
5.833000e+002	2.613626e+003	2.115870e+003	2.148065e+003	2.115445e+003	2.658305e+003	2.115445e+003	2.115445e+003	2.115445e+003	2.691349e+003		
5.832000e+002	2.555876e+003	2.112394e+003	2.140347e+003	2.111867e+003	2.637907e+003	2.111866e+003	2.111867e+003	2.111866e+003	2.666916e+003		
5.831000e+002	2.539834e+003	2.109042e+003	2.133169e+003	2.108389e+003	2.615269e+003	2.108389e+003	2.108390e+003	2.108389e+003	2.640703e+003		
5.830000e+002	2.501043e+003	2.106007e+003	2.126701e+003	2.105199e+003	2.590964e+003	2.105198e+003	2.105201e+003	2.105198e+003	2.613278e+003		
5.829000e+002	2.506001e+003	2.102940e+003	2.120558e+003	2.101942e+003	2.564963e+003	2.101942e+003	2.101948e+003	2.101942e+003	2.584584e+003		
5.828000e+002	2.525834e+003	2.099725e+003	2.114561e+003	2.098498e+003	2.537414e+003	2.098497e+003	2.098512e+003	2.098497e+003	2.554721e+003		
5.827000e+002	2.489376e+003	2.096825e+003	2.109135e+003	2.095322e+003	2.509151e+003	2.095321e+003	2.095358e+003	2.095321e+003	2.524506e+003		
5.826000e+002	2.490543e+003	2.093946e+003	2.103948e+003	2.092111e+003	2.480297e+003	2.092110e+003	2.092194e+003	2.092110e+003	2.494057e+003		
5.825000e+002	2.424626e+003	2.091642e+003	2.099518e+003	2.089409e+003	2.451701e+003	2.089408e+003	2.089593e+003	2.089408e+003	2.464233e+003		
5.824000e+002	2.419084e+003	2.089441e+003	2.095334e+003	2.086731e+003	2.423161e+003	2.086729e+003	2.087119e+003	2.086729e+003	2.434868e+003		
5.823000e+002	2.378251e+003	2.087649e+003	2.091674e+003	2.084363e+003	2.395295e+003	2.084360e+003	2.085149e+003	2.084360e+003	2.406688e+003		
5.822000e+002	2.365418e+003	2.086051e+003	2.088275e+003	2.082080e+003	2.368082e+003	2.082077e+003	2.083597e+003	2.082077e+003	2.379779e+003		
5.821000e+002	2.399251e+003	2.084285e+003	2.084735e+003	2.079504e+003	2.341332e+003	2.079499e+003	2.082308e+003	2.079499e+003	2.354166e+003		
5.820000e+002	2.321959e+003	2.083271e+003	2.081936e+003	2.077536e+003	2.316103e+003	2.077529e+003	2.082482e+003	2.077529e+003	2.331212e+003		
5.819000e+002	2.305918e+003	2.082539e+003	2.079370e+003	2.075683e+003	2.292158e+003	2.075673e+003	2.084005e+003	2.075673e+003	2.311062e+003		
5.818000e+002	2.315834e+003	2.081904e+003	2.076812e+003	2.073734e+003	2.269330e+003	2.073722e+003	2.087087e+003	2.073722e+003	2.293980e+003		
5.817000e+002	2.303001e+003	2.081595e+003	2.074435e+003	2.071875e+003	2.247817e+003	2.071859e+003	2.092207e+003	2.071859e+003	2.280493e+003		
5.816000e+002	2.251084e+003	2.081961e+003	2.072548e+003	2.070424e+003	2.227978e+003	2.070403e+003	2.099784e+003	2.070403e+003	2.271084e+003		
5.815000e+002	2.223668e+003	2.082830e+003	2.070938e+003	2.069186e+003	2.209705e+003	2.069157e+003	2.109148e+003	2.069157e+003	2.265177e+003		
5.814000e+002	2.237668e+003	2.083906e+003	2.069261e+003	2.067826e+003	2.192725e+003	2.067788e+003	2.118887e+003	2.067788e+003	2.261452e+003		
5.813000e+002	2.227459e+003	2.085427e+003	2.067704e+003	2.066540e+003	2.177078e+003	2.066491e+003	2.127469e+003	2.066491e+003	2.258256e+003		
5.812000e+002	2.207043e+003	2.087521e+003	2.066345e+003	2.065413e+003	2.162814e+003	2.065349e+003	2.132998e+003	2.065349e+003	2.253696e+003		
5.811000e+002	2.179043e+003	2.090300e+003	2.065240e+003	2.064509e+003	2.149950e+003	2.064425e+003	2.133960e+003	2.064425e+003	2.246259e+003		
5.810000e+002	2.185459e+003	2.093605e+003	2.064108e+003	2.063551e+003	2.138320e+003	2.063441e+003	2.129648e+003	2.063441e+003	2.235466e+003		
5.809000e+002	2.184293e+003	2.097498e+003	2.063003e+003	2.062602e+003	2.127749e+003	2.062459e+003	2.120882e+003	2.062459e+003	2.221896e+003		
5.808000e+002	2.199459e+003	2.101908e+003	2.061788e+003	2.061530e+003	2.118035e+003	2.061346e+003	2.109348e+003	2.061346e+003	2.207223e+003		
5.807000e+002	2.184001e+003	2.107142e+003	2.060708e+003	2.060585e+003	2.109358e+003	2.060350e+003	2.097231e+003	2.060350e+003	2.193626e+003		
5.806000e+002	2.171751e+003	2.113242e+003	2.059733e+003	2.059746e+003	2.101701e+003	2.059444e+003	2.086080e+003	2.059444e+003	2.182726e+003		
5.805000e+002	2.193918e+003	2.119994e+003	2.058584e+003	2.058739e+003	2.094677e+003	2.058352e+003	2.076523e+003	2.058352e+003	2.175109e+003		
5.804000e+002	2.227751e+003	2.127415e+003	2.057161e+003	2.057468e+003	2.088070e+003	2.056975e+003	2.068729e+003	2.056975e+003	2.170942e+003		
5.803000e+002	2.233001e+003	2.135832e+003	2.055694e+003	2.056170e+003	2.082048e+003	2.055545e+003	2.062771e+003	2.055545e+003	2.170335e+003		
5.802000e+002	2.154834e+003	2.145923e+003	2.054857e+003	2.055527e+003	2.077247e+003	2.054738e+003	2.058978e+003	2.054738e+003	2.173579e+003		
5.801000e+002	2.188668e+003	2.156846e+003	2.053745e+003	2.054647e+003	2.072736e+003	2.053650e+003	2.056019e+003	2.053650e+003	2.179392e+003		
5.800000e+002	2.178459e+003	2.169012e+003	2.052711e+003	2.053890e+003	2.068752e+003	2.052636e+003	2.053905e+003	2.052636e+003	2.187727e+003		
5.799000e+002	2.230959e+003	2.181963e+003	2.051246e+003	2.052757e+003	2.064736e+003	2.051187e+003	2.051835e+003	2.051187e+003	2.197789e+003		
5.798000e+002	2.206751e+003	2.196360e+003	2.049970e+003	2.051878e+003	2.061262e+003	2.049923e+003	2.050240e+003	2.049923e+003	2.210019e+003		
5.797000e+002	2.242334e+003	2.211874e+003	2.048396e+003	2.050793e+003	2.057843e+003	2.048359e+003	2.048508e+003	2.048359e+003	2.223977e+003		
5.796000e+002	2.241168e+003	2.228727e+003	2.046822e+003	2.049815e+003	2.054695e+003	2.046793e+003	2.046859e+003	2.046793e+003	2.239746e+003		
5.795000e+002	2.277334e+003	2.246584e+003	2.044942e+003	2.048654e+003	2.051474e+003	2.044919e+003	2.044948e+003	2.044919e+003	2.256924e+003		
5.794000e+002	2.289293e+003	2.265621e+003	2.042951e+003	2.047526e+003	2.048346e+003	2.042934e+003	2.042945e+003	2.042934e+003	2.275656e+003		
5.793000e+002	2.299209e+003	2.285815e+003	2.040865e+003	2.046481e+003	2.045311e+003	2.040851e+003	2.040856e+003	2.040851e+003	2.295922e+003		
5.792000e+002	2.296293e+003	2.307204e+003	2.038786e+003	2.045675e+003	2.042443e+003	2.038776e+003	2.038777e+003	2.038776e+003	2.317783e+003		
5.791000e+002	2.356959e+003	2.329211e+003	2.036198e+003	2.044604e+003	2.039193e+003	2.036190e+003	2.036191e+003	2.036190e+003	2.340637e+003		
5.790000e+002	2.358418e+003	2.352246e+003	2.033578e+003	2.043786e+003	2.036019e+003	2.033572e+003	2.033572e+003	2.033572e+003	2.364913e+003		
5.789000e+002	2.426668e+003	2.375515e+003	2.030383e+003	2.042723e+003	2.032363e+003	2.030378e+003	2.030378e+003	2.030378e+003	2.389850e+003		
5.788000e+002	2.473918e+003	2.399006e+003	2.026778e+003	2.041690e+003	2.028386e+003	2.026774e+003	2.026774e+003	2.026774e+003	2.415537e+003		
5.787000e+002	2.448543e+003	2.423099e+003	2.023350e+003	2.041298e+003	2.024650e+003	2.023347e+003	2.023347e+003	2.023347e+003	2.442356e+003		
5.786000e+002	2.461959e+003	2.447244e+003	2.019785e+003	2.041290e+003	2.020830e+003	2.019783e+003	2.019783e+003	2.019783e+003	2.469802e+003		
5.785000e+002	2.496084e+003	2.471012e+003	2.015914e+003	2.041569e+003	2.016751e+003	2.015912e+003	2.015912e+003	2.015912e+003	2.497509e+003		
5.784000e+002	2.521459e+003	2.494138e+003	2.011806e+003	2.042341e+003	2.012476e+003	2.011805e+003	2.011805e+003	2.011805e+003	2.525346e+003		
5.783000e+002	2.532834e+003	2.516395e+003	2.007572e+003	2.043828e+003	2.008106e+003	2.007571e+003	2.007571e+003	2.007571e+003	2.553188e+003		
5.782000e+002	2.594084e+003	2.537074e+003	2.002806e+003	2.045665e+003	2.003230e+003	2.002805e+003	2.002805e+003	2.002805e+003	2.580359e+003		
5.781000e+002	2.621501e+003	2.556117e+003	1.997778e+003	2.048226e+003	1.998113e+003	1.997778e+003	1.997778e+003	1.997778e+003	2.606902e+003		
5.780000e+002	2.602834e+003	2.573570e+003	1.992862e+003	2.052017e+003	1.993126e+003	1.992861e+003	1.992861e+003	1.992861e+003	2.632991e+003		
5.779000e+002	2.667293e+003	2.588439e+003	1.987381e+003	2.056651e+003	1.987590e+003	1.987381e+003	1.987381e+003	1.987381e+003	2.657918e+003		
5.778000e+002	2.705209e+003	2.600624e+003	1.981549e+003	2.062308e+003	1.981712e+003	1.981548e+003	1.981548e+003	1.981548e+003	2.681548e+003		
5.777000e+002	2.698501e+003	2.609887e+003	1.975723e+003	2.069477e+003	1.975850e+003	1.975723e+003	1.975723e+003	1.975723e+003	2.703769e+003		
5.776000e+002	2.721543e+003	2.616018e+003	1.969663e+003	2.078052e+003	1.969761e+003	1.969662e+003	1.969662e+003	1.969662e+003	2.724506e+003		
5.775000e+002	2.746334e+003	2.618804e+003	1.963352e+003	2.088375e+003	1.963428e+003	1.963352e+003	1.963352e+003	1.963352e+003	2.743905e+003		
5.774000e+002	2.726209e+003	2.618459e+003	1.957153e+003	2.100830e+003	1.957212e+003	1.957153e+003	1.957153e+003	1.957153e+003	2.762195e+003		
5.773000e+002	2.758584e+003	2.614457e+003	1.950641e+003	2.115048e+003	1.950686e+003	1.950641e+003	1.950641e+003	1.950641e+003	2.778910e+003		
5.772000e+002	2.778709e+003	2.606851e+003	1.943912e+003	2.131251e+003	1.943947e+003	1.943912e+003	1.943912e+003	1.943912e+003	2.794226e+003		
5.771000e+002	2.799709e+003	2.595483e+003	1.936958e+003	2.149687e+003	1.936985e+003	1.936958e+003	1.936958e+003	1.936958e+003	2.808238e+003		
5.770000e+002	2.819543e+003	2.580385e+003	1.929787e+003	2.170570e+003	1.929807e+003	1.929787e+003	1.929787e+003	1.929787e+003	2.821189e+003		
5.769000e+002	2.829460e+003	2.561999e+003	1.922476e+003	2.193824e+003	1.922492e+003	1.922476e+003	1.922476e+003	1.922476e+003	2.833362e+003		
5.768000e+002	2.817210e+003	2.540688e+003	1.915206e+003	2.219676e+003	1.915218e+003	1.915206e+003	1.915206e+003	1.915206e+003	2.845169e+003		
5.767000e+002	2.822751e+003	2.516533e+003	1.907832e+003	2.248004e+003	1.907840e+003	1.907832e+003	1.907832e+003	1.907832e+003	2.856714e+003		
5.766000e+002	2.862710e+003	2.489516e+003	1.900073e+003	2.278898e+003	1.900079e+003	1.900073e+003	1.900073e+003	1.900073e+003	2.868348e+003		
5.765000e+002	2.868835e+003	2.460201e+003	1.892201e+003	2.312155e+003	1.892206e+003	1.892201e+003	1.892201e+003	1.892201e+003	2.880160e+003		
5.764000e+002	2.855710e+003	2.428905e+003	1.884372e+003	2.347813e+003	1.884375e+003	1.884372e+003	1.884372e+003	1.884372e+003	2.892350e+003		
5.763000e+002	2.930376e+003	2.395420e+003	1.875872e+003	2.384989e+003	1.875875e+003	1.875872e+003	1.875872e+003	1.875872e+003	2.904539e+003		
5.762000e+002	2.940876e+003	2.360626e+003	1.867218e+003	2.424142e+003	1.867221e+003	1.867218e+003	1.867218e+003	1.867218e+003	2.917552e+003		
5.761000e+002	2.947585e+003	2.324878e+003	1.858440e+003	2.464868e+003	1.858441e+003	1.858440e+003	1.858440e+003	1.858440e+003	2.931308e+003		
5.760000e+002	2.972960e+003	2.288334e+003	1.849384e+003	2.506541e+003	1.849385e+003	1.849384e+003	1.849384e+003	1.849384e+003	2.945493e+003		
5.759000e+002	2.941751e+003	2.251749e+003	1.840508e+003	2.549194e+003	1.840508e+003	1.840508e+003	1.840508e+003	1.840508e+003	2.960436e+003		
5.758000e+002	2.995126e+003	2.214719e+003	1.831126e+003	2.591649e+003	1.831126e+003	1.831126e+003	1.831126e+003	1.831126e+003	2.975243e+003		
5.757000e+002	3.007085e+003	2.177877e+003	1.821570e+003	2.633579e+003	1.821571e+003	1.821570e+003	1.821570e+003	1.821570e+003	2.989886e+003		
5.756000e+002	3.044418e+003	2.141221e+003	1.811634e+003	2.674158e+003	1.811634e+003	1.811634e+003	1.811634e+003	1.811634e+003	3.003745e+003		
5.755000e+002	3.003876e+003	2.105569e+003	1.801946e+003	2.713379e+003	1.801946e+003	1.801946e+003	1.801946e+003	1.801946e+003	3.017003e+003		
5.754000e+002	2.972960e+003	2.071003e+003	1.792431e+003	2.750512e+003	1.792431e+003	1.792431e+003	1.792431e+003	1.792431e+003	3.029084e+003		
5.753000e+002	2.994251e+003	2.037230e+003	1.782665e+003	2.783950e+003	1.782665e+003	1.782665e+003	1.782665e+003	1.782665e+003	3.038515e+003		
5.752000e+002	3.049668e+003	2.004074e+003	1.772370e+003	2.813051e+003	1.772370e+003	1.772370e+003	1.772370e+003	1.772370e+003	3.044754e+003		
5.751000e+002	3.048793e+003	1.972157e+003	1.761998e+003	2.837682e+003	1.761998e+003	1.761998e+003	1.761998e+003	1.761998e+003	3.047841e+003		
5.750000e+002	3.049376e+003	1.941487e+003	1.751538e+003	2.857250e+003	1.751538e+003	1.751538e+003	1.751538e+003	1.751538e+003	3.047199e+003		
5.749000e+002	3.038001e+003	1.912132e+003	1.741084e+003	2.870823e+003	1.741084e+003	1.741084e+003	1.741084e+003	1.741084e+003	3.041871e+003		
5.748000e+002	2.996001e+003	1.884348e+003	1.730887e+003	2.878219e+003	1.730887e+003	1.730887e+003	1.730887e+003	1.730887e+003	3.031679e+003		
5.747000e+002	2.958960e+003	1.858085e+003	1.720908e+003	2.879487e+003	1.720909e+003	1.720908e+003	1.720908e+003	1.720908e+003	3.016663e+003		
5.746000e+002	2.918126e+003	1.833352e+003	1.711180e+003	2.874457e+003	1.711180e+003	1.711180e+003	1.711180e+003	1.711180e+003	2.996628e+003		
5.745000e+002	2.923085e+003	1.809748e+003	1.701333e+003	2.862483e+003	1.701333e+003	1.701333e+003	1.701333e+003	1.701333e+003	2.970897e+003		
5.744000e+002	2.941460e+003	1.787240e+003	1.691256e+003	2.842834e+003	1.691256e+003	1.691256e+003	1.691256e+003	1.691256e+003	2.938818e+003		
5.743000e+002	2.964210e+003	1.765598e+003	1.680913e+003	2.816517e+003	1.680913e+003	1.680913e+003	1.680913e+003	1.680913e+003	2.901202e+003		
5.742000e+002	2.914335e+003	1.745348e+003	1.670890e+003	2.784412e+003	1.670890e+003	1.670890e+003	1.670890e+003	1.670890e+003	2.858870e+003		
5.741000e+002	2.858043e+003	1.726483e+003	1.661244e+003	2.746963e+003	1.661244e+003	1.661244e+003	1.661244e+003	1.661244e+003	2.812203e+003		
5.740000e+002	2.881085e+003	1.708294e+003	1.651332e+003	2.703413e+003	1.651332e+003	1.651333e+003	1.651332e+003	1.651332e+003	2.760376e+003		
5.739000e+002	2.819543e+003	1.691400e+003	1.641840e+003	2.655600e+003	1.641840e+003	1.641841e+003	1.641840e+003	1.641840e+003	2.705162e+003		
5.738000e+002	2.745459e+003	1.675878e+003	1.632872e+003	2.604402e+003	1.632872e+003	1.632877e+003	1.632872e+003	1.632872e+003	2.647412e+003		
5.737000e+002	2.694418e+003	1.661479e+003	1.624246e+003	2.550289e+003	1.624246e+003	1.624258e+003	1.624246e+003	1.624246e+003	2.587534e+003		
5.736000e+002	2.571334e+003	1.648678e+003	1.616551e+003	2.494384e+003	1.616551e+003	1.616581e+003	1.616551e+003	1.616551e+003	2.526541e+003		
5.735000e+002	2.503376e+003	1.636972e+003	1.609345e+003	2.437004e+003	1.609345e+003	1.609417e+003	1.609345e+003	1.609345e+003	2.464704e+003		
5.734000e+002	2.399543e+003	1.626601e+003	1.602924e+003	2.379299e+003	1.602924e+003	1.603091e+003	1.602924e+003	1.602924e+003	2.403143e+003		
5.733000e+002	2.303876e+003	1.617449e+003	1.597228e+003	2.321814e+003	1.597228e+003	1.597598e+003	1.597228e+003	1.597228e+003	2.342405e+003		
5.732000e+002	2.262751e+003	1.609029e+003	1.591820e+003	2.264683e+003	1.591820e+003	1.592600e+003	1.591820e+003	1.591820e+003	2.282671e+003		
5.731000e+002	2.204126e+003	1.601472e+003	1.586845e+003	2.208714e+003	1.586845e+003	1.588422e+003	1.586845e+003	1.586845e+003	2.224918e+003		
5.730000e+002	2.150751e+003	1.594660e+003	1.582263e+003	2.154274e+003	1.582263e+003	1.585304e+003	1.582263e+003	1.582263e+003	2.169712e+003		
5.729000e+002	2.077834e+003	1.588707e+003	1.578236e+003	2.101901e+003	1.578236e+003	1.583852e+003	1.578236e+003	1.578236e+003	2.117988e+003		
5.728000e+002	2.067043e+003	1.583078e+003	1.574264e+003	2.051411e+003	1.574264e+003	1.584170e+003	1.574264e+003	1.574264e+003	2.070132e+003		
5.727000e+002	2.015709e+003	1.578071e+003	1.570677e+003	2.003647e+003	1.570677e+003	1.587340e+003	1.570677e+003	1.570677e+003	2.027703e+003		
5.726000e+002	1.987126e+003	1.573473e+003	1.567293e+003	1.958509e+003	1.567293e+003	1.594024e+003	1.567293e+003	1.567293e+003	1.991419e+003		
5.725000e+002	1.956792e+003	1.569279e+003	1.564128e+003	1.916044e+003	1.564128e+003	1.604825e+003	1.564128e+003	1.564128e+003	1.961891e+003		
5.724000e+002	1.942209e+003	1.565346e+003	1.561056e+003	1.876206e+003	1.561056e+003	1.619818e+003	1.561056e+003	1.561056e+003	1.939258e+003		
5.723000e+002	1.922959e+003	1.561676e+003	1.558115e+003	1.839211e+003	1.558115e+003	1.638096e+003	1.558115e+003	1.558115e+003	1.922752e+003		
5.722000e+002	1.953292e+003	1.557850e+003	1.554904e+003	1.804778e+003	1.554904e+003	1.657101e+003	1.554904e+003	1.554904e+003	1.909920e+003		
5.721000e+002	1.926167e+003	1.554315e+003	1.551888e+003	1.773062e+003	1.551888e+003	1.673845e+003	1.551888e+003	1.551888e+003	1.897447e+003		
5.720000e+002	1.911001e+003	1.550963e+003	1.548970e+003	1.743900e+003	1.548970e+003	1.684268e+003	1.548970e+003	1.548970e+003	1.881191e+003		
5.719000e+002	1.877459e+003	1.547931e+003	1.546300e+003	1.717350e+003	1.546300e+003	1.685371e+003	1.546300e+003	1.546300e+003	1.858052e+003		
5.718000e+002	1.844501e+003	1.545210e+003	1.543877e+003	1.693635e+003	1.543877e+003	1.676291e+003	1.543877e+003	1.543877e+003	1.827381e+003		
5.717000e+002	1.779167e+003	1.543053e+003	1.541966e+003	1.672544e+003	1.541966e+003	1.658811e+003	1.541966e+003	1.541966e+003	1.790477e+003		
5.716000e+002	1.764292e+003	1.541043e+003	1.540159e+003	1.653536e+003	1.540159e+003	1.636163e+003	1.540159e+003	1.540159e+003	1.750424e+003		
5.715000e+002	1.743584e+003	1.539222e+003	1.538506e+003	1.636523e+003	1.538506e+003	1.612270e+003	1.538506e+003	1.538506e+003	1.711002e+003		
5.714000e+002	1.671251e+003	1.538005e+003	1.537427e+003	1.621941e+003	1.537427e+003	1.590699e+003	1.537427e+003	1.537427e+003	1.675791e+003		
5.713000e+002	1.640334e+003	1.537056e+003	1.536591e+003	1.609241e+003	1.536591e+003	1.572933e+003	1.536591e+003	1.536591e+003	1.646047e+003		
5.712000e+002	1.600959e+003	1.536440e+003	1.536068e+003	1.598257e+003	1.536068e+003	1.559576e+003	1.536068e+003	1.536068e+003	1.622137e+003		
5.711000e+002	1.610584e+003	1.535761e+003	1.535463e+003	1.588468e+003	1.535463e+003	1.549915e+003	1.535463e+003	1.535463e+003	1.603219e+003		
5.710000e+002	1.573251e+003	1.535394e+003	1.535156e+003	1.580172e+003	1.535156e+003	1.543636e+003	1.535156e+003	1.535156e+003	1.588891e+003		
5.709000e+002	1.579084e+003	1.534988e+003	1.534799e+003	1.572971e+003	1.534799e+003	1.539536e+003	1.534799e+003	1.534799e+003	1.577898e+003		
5.708000e+002	1.552834e+003	1.534803e+003	1.534652e+003	1.566884e+003	1.534652e+003	1.537191e+003	1.534652e+003	1.534652e+003	1.569574e+003		
5.707000e+002	1.519876e+003	1.534653e+003	1.534534e+003	1.561632e+003	1.534534e+003	1.535831e+003	1.534534e+003	1.534534e+003	1.563047e+003		
5.706000e+002	1.523959e+003	1.534543e+003	1.534449e+003	1.557128e+003	1.534449e+003	1.535085e+003	1.534449e+003	1.534449e+003	1.557857e+003		
5.705000e+002	1.534751e+003	1.534520e+003	1.534447e+003	1.553414e+003	1.534447e+003	1.534744e+003	1.534447e+003	1.534447e+003	1.553785e+003		
5.704000e+002	1.542626e+003	1.534438e+003	1.534381e+003	1.550184e+003	1.534381e+003	1.534514e+003	1.534381e+003	1.534381e+003	1.550375e+003		
5.703000e+002	1.537959e+003	1.534397e+003	1.534351e+003	1.547461e+003	1.534351e+003	1.534409e+003	1.534351e+003	1.534351e+003	1.547563e+003		
5.702000e+002	1.531251e+003	1.534362e+003	1.534327e+003	1.545152e+003	1.534327e+003	1.534350e+003	1.534327e+003	1.534327e+003	1.545210e+003		
5.701000e+002	1.532126e+003	1.534336e+003	1.534309e+003	1.543228e+003	1.534309e+003	1.534318e+003	1.534309e+003	1.534309e+003	1.543265e+003		
5.700000e+002	1.565959e+003	1.534073e+003	1.534052e+003	1.541387e+003	1.534052e+003	1.534055e+003	1.534052e+003	1.534052e+003	1.541412e+003		
5.699000e+002	1.540001e+003	1.534020e+003	1.534004e+003	1.540009e+003	1.534004e+003	1.534005e+003	1.534004e+003	1.534004e+003	1.540027e+003		
5.698000e+002	1.524542e+003	1.533940e+003	1.533928e+003	1.538821e+003	1.533928e+003	1.533928e+003	1.533928e+003	1.533928e+003	1.538834e+003		
5.697000e+002	1.533876e+003	1.533937e+003	1.533928e+003	1.537899e+003	1.533928e+003	1.533928e+003	1.533928e+003	1.533928e+003	1.537908e+003		
5.696000e+002	1.540292e+003	1.533883e+003	1.533876e+003	1.537100e+003	1.533876e+003	1.533876e+003	1.533876e+003	1.533876e+003	1.537107e+003		
5.695000e+002	1.522792e+003	1.533793e+003	1.533787e+003	1.536393e+003	1.533787e+003	1.533787e+003	1.533787e+003	1.533787e+003	1.536398e+003		
5.694000e+002	1.532126e+003	1.533778e+003	1.533774e+003	1.535869e+003	1.533774e+003	1.533774e+003	1.533774e+003	1.533774e+003	1.535874e+003		
5.693000e+002	1.529501e+003	1.533743e+003	1.533740e+003	1.535416e+003	1.533740e+003	1.533740e+003	1.533740e+003	1.533740e+003	1.535420e+003		
5.692000e+002	1.489251e+003	1.533386e+003	1.533384e+003	1.534726e+003	1.533384e+003	1.533384e+003	1.533384e+003	1.533384e+003	1.534728e+003		
5.691000e+002	1.521042e+003	1.533287e+003	1.533285e+003	1.534356e+003	1.533285e+003	1.533285e+003	1.533285e+003	1.533285e+003	1.534358e+003		
5.690000e+002	1.530959e+003	1.533268e+003	1.533267e+003	1.534117e+003	1.533267e+003	1.533267e+003	1.533267e+003	1.533267e+003	1.534118e+003		
5.689000e+002	1.533292e+003	1.533268e+003	1.533267e+003	1.533938e+003	1.533267e+003	1.533267e+003	1.533267e+003	1.533267e+003	1.533939e+003		
5.688000e+002	1.517251e+003	1.533139e+003	1.533138e+003	1.533667e+003	1.533138e+003	1.533138e+003	1.533138e+003	1.533138e+003	1.533668e+003		
5.687000e+002	1.517251e+003	1.533012e+003	1.533011e+003	1.533428e+003	1.533011e+003	1.533011e+003	1.533011e+003	1.533011e+003	1.533429e+003		
5.686000e+002	1.507626e+003	1.532809e+003	1.532808e+003	1.533135e+003	1.532808e+003	1.532808e+003	1.532808e+003	1.532808e+003	1.533135e+003		
5.685000e+002	1.516959e+003	1.532682e+003	1.532682e+003	1.532936e+003	1.532682e+003	1.532682e+003	1.532682e+003	1.532682e+003	1.532937e+003		
5.684000e+002	1.530667e+003	1.532666e+003	1.532666e+003	1.532863e+003	1.532666e+003	1.532666e+003	1.532666e+003	1.532666e+003	1.532863e+003		
5.683000e+002	1.519584e+003	1.532561e+003	1.532561e+003	1.532715e+003	1.532561e+003	1.532561e+003	1.532561e+003	1.532561e+003	1.532715e+003		
5.682000e+002	1.536209e+003	1.532532e+003	1.532531e+003	1.532650e+003	1.532531e+003	1.532531e+003	1.532531e+003	1.532531e+003	1.532650e+003		
5.681000e+002	1.547292e+003	1.532412e+003	1.532411e+003	1.532503e+003	1.532411e+003	1.532411e+003	1.532411e+003	1.532411e+003	1.532503e+003		
5.680000e+002	1.500626e+003	1.532157e+003	1.532157e+003	1.532227e+003	1.532157e+003	1.532157e+003	1.532157e+003	1.532157e+003	1.532227e+003		
5.679000e+002	1.513459e+003	1.532008e+003	1.532008e+003	1.532061e+003	1.532008e+003	1.532008e+003	1.532008e+003	1.532008e+003	1.532061e+003		
5.678000e+002	1.501501e+003	1.531764e+003	1.531764e+003	1.531805e+003	1.531764e+003	1.531764e+003	1.531764e+003	1.531764e+003	1.531805e+003		
5.677000e+002	1.536209e+003	1.531728e+003	1.531728e+003	1.531759e+003	1.531728e+003	1.531728e+003	1.531728e+003	1.531728e+003	1.531759e+003		
5.676000e+002	1.526001e+003	1.531682e+003	1.531682e+003	1.531705e+003	1.531682e+003	1.531682e+003	1.531682e+003	1.531682e+003	1.531705e+003		
5.675000e+002	1.502084e+003	1.531445e+003	1.531445e+003	1.531463e+003	1.531445e+003	1.531445e+003	1.531445e+003	1.531445e+003	1.531463e+003		
5.674000e+002	1.533876e+003	1.531426e+003	1.531426e+003	1.531439e+003	1.531426e+003	1.531426e+003	1.531426e+003	1.531426e+003	1.531439e+003		
5.673000e+002	1.496542e+003	1.531147e+003	1.531147e+003	1.531157e+003	1.531147e+003	1.531147e+003	1.531147e+003	1.531147e+003	1.531157e+003		
5.672000e+002	1.527751e+003	1.531119e+003	1.531119e+003	1.531127e+003	1.531119e+003	1.531119e+003	1.531119e+003	1.531119e+003	1.531127e+003		
5.671000e+002	1.526876e+003	1.531086e+003	1.531086e+003	1.531091e+003	1.531086e+003	1.531086e+003	1.531086e+003	1.531086e+003	1.531091e+003		
5.670000e+002	1.510542e+003	1.530921e+003	1.530921e+003	1.530925e+003	1.530921e+003	1.530921e+003	1.530921e+003	1.530921e+003	1.530925e+003		
5.669000e+002	1.549917e+003	1.530767e+003	1.530767e+003	1.530770e+003	1.530767e+003	1.530767e+003	1.530767e+003	1.530767e+003	1.530770e+003		
5.668000e+002	1.540001e+003	1.530692e+003	1.530692e+003	1.530694e+003	1.530692e+003	1.530692e+003	1.530692e+003	1.530692e+003	1.530694e+003		
5.667000e+002	1.510542e+003	1.530531e+003	1.530531e+003	1.530532e+003	1.530531e+003	1.530531e+003	1.530531e+003	1.530531e+003	1.530532e+003		
5.666000e+002	1.547584e+003	1.530392e+003	1.530392e+003	1.530393e+003	1.530392e+003	1.530392e+003	1.530392e+003	1.530392e+003	1.530393e+003		
5.665000e+002	1.547001e+003	1.530257e+003	1.530257e+003	1.530258e+003	1.530257e+003	1.530257e+003	1.530257e+003	1.530257e+003	1.530258e+003		
5.664000e+002	1.544084e+003	1.530145e+003	1.530145e+003	1.530146e+003	1.530145e+003	1.530145e+003	1.530145e+003	1.530145e+003	1.530146e+003		
5.663000e+002	1.543209e+003	1.530039e+003	1.530039e+003	1.530039e+003	1.530039e+003	1.530039e+003	1.530039e+003	1.530039e+003	1.530039e+003		
5.662000e+002	1.508792e+003	1.529869e+003	1.529869e+003	1.529869e+003	1.529869e+003	1.529869e+003	1.529869e+003	1.529869e+003	1.529869e+003		
5.661000e+002	1.525126e+003	1.529831e+003	1.529831e+003	1.529831e+003	1.529831e+003	1.529831e+003	1.529831e+003	1.529831e+003	1.529831e+003		
5.660000e+002	1.536209e+003	1.529779e+003	1.529779e+003	1.529779e+003	1.529779e+003	1.529779e+003	1.529779e+003	1.529779e+003	1.529779e+003		
5.659000e+002	1.524834e+003	1.529740e+003	1.529740e+003	1.529740e+003	1.529740e+003	1.529740e+003	1.529740e+003	1.529740e+003	1.529740e+003		
5.658000e+002	1.526001e+003	1.529710e+003	1.529710e+003	1.529710e+003	1.529710e+003	1.529710e+003	1.529710e+003	1.529710e+003	1.529710e+003		
5.657000e+002	1.529209e+003	1.529706e+003	1.529706e+003	1.529706e+003	1.529706e+003	1.529706e+003	1.529706e+003	1.529706e+003	1.529706e+003		
5.656000e+002	1.521917e+003	1.529643e+003	1.529643e+003	1.529643e+003	1.529643e+003	1.529643e+003	1.529643e+003	1.529643e+003	1.529643e+003		
5.655000e+002	1.512292e+003	1.529505e+003	1.529505e+003	1.529505e+003	1.529505e+003	1.529505e+003	1.529505e+003	1.529505e+003	1.529505e+003		
5.654000e+002	1.495667e+003	1.529234e+003	1.529234e+003	1.529234e+003	1.529234e+003	1.529234e+003	1.529234e+003	1.529234e+003	1.529234e+003		
5.653000e+002	1.536501e+003	1.529175e+003	1.529175e+003	1.529175e+003	1.529175e+003	1.529175e+003	1.529175e+003	1.529175e+003	1.529175e+003		
5.652000e+002	1.534167e+003	1.529135e+003	1.529135e+003	1.529135e+003	1.529135e+003	1.529135e+003	1.529135e+003	1.529135e+003	1.529135e+003		
5.651000e+002	1.528626e+003	1.529130e+003	1.529130e+003	1.529130e+003	1.529130e+003	1.529130e+003	1.529130e+003	1.529130e+003	1.529130e+003		
5.650000e+002	1.540584e+003	1.529037e+003	1.529037e+003	1.529037e+003	1.529037e+003	1.529037e+003	1.529037e+003	1.529037e+003	1.529037e+003		
5.649000e+002	1.519001e+003	1.528957e+003	1.528957e+003	1.528957e+003	1.528957e+003	1.528957e+003	1.528957e+003	1.528957e+003	1.528957e+003		
5.648000e+002	1.509667e+003	1.528803e+003	1.528803e+003	1.528803e+003	1.528803e+003	1.528803e+003	1.528803e+003	1.528803e+003	1.528803e+003		
5.647000e+002	1.534751e+003	1.528755e+003	1.528755e+003	1.528755e+003	1.528755e+003	1.528755e+003	1.528755e+003	1.528755e+003	1.528755e+003		
5.646000e+002	1.550792e+003	1.528576e+003	1.528576e+003	1.528576e+003	1.528576e+003	1.528576e+003	1.528576e+003	1.528576e+003	1.528576e+003		
5.645000e+002	1.553709e+003	1.528371e+003	1.528371e+003	1.528371e+003	1.528371e+003	1.528371e+003	1.528371e+003	1.528371e+003	1.528371e+003		
5.644000e+002	1.552251e+003	1.528177e+003	1.528177e+003	1.528177e+003	1.528177e+003	1.528177e+003	1.528177e+003	1.528177e+003	1.528177e+003		
5.643000e+002	1.514042e+003	1.528064e+003	1.528064e+003	1.528064e+003	1.528064e+003	1.528064e+003	1.528064e+003	1.528064e+003	1.528064e+003		
5.642000e+002	1.488959e+003	1.527752e+003	1.527752e+003	1.527752e+003	1.527752e+003	1.527752e+003	1.527752e+003	1.527752e+003	1.527752e+003		
5.641000e+002	1.500334e+003	1.527532e+003	1.527532e+003	1.527532e+003	1.527532e+003	1.527532e+003	1.527532e+003	1.527532e+003	1.527532e+003		
5.640000e+002	1.498876e+003	1.527303e+003	1.527303e+003	1.527303e+003	1.527303e+003	1.527303e+003	1.527303e+003	1.527303e+003	1.527303e+003		
5.639000e+002	1.526876e+003	1.527300e+003	1.527300e+003	1.527300e+003	1.527300e+003	1.527300e+003	1.527300e+003	1.527300e+003	1.527300e+003		
5.638000e+002	1.508501e+003	1.527149e+003	1.527149e+003	1.527149e+003	1.527149e+003	1.527149e+003	1.527149e+003	1.527149e+003	1.527149e+003		
5.637000e+002	1.538542e+003	1.527057e+003	1.527057e+003	1.527057e+003	1.527057e+003	1.527057e+003	1.527057e+003	1.527057e+003	1.527057e+003		
5.636000e+002	1.546417e+003	1.526900e+003	1.526900e+003	1.526900e+003	1.526900e+003	1.526900e+003	1.526900e+003	1.526900e+003	1.526900e+003		
5.635000e+002	1.523959e+003	1.526876e+003	1.526876e+003	1.526876e+003	1.526876e+003	1.526876e+003	1.526876e+003	1.526876e+003	1.526876e+003		
5.634000e+002	1.518417e+003	1.526808e+003	1.526808e+003	1.526808e+003	1.526808e+003	1.526808e+003	1.526808e+003	1.526808e+003	1.526808e+003		
5.633000e+002	1.530667e+003	1.526777e+003	1.526777e+003	1.526777e+003	1.526777e+003	1.526777e+003	1.526777e+003	1.526777e+003	1.526777e+003		
5.632000e+002	1.554876e+003	1.526549e+003	1.526549e+003	1.526549e+003	1.526549e+003	1.526549e+003	1.526549e+003	1.526549e+003	1.526549e+003		
5.631000e+002	1.512876e+003	1.526439e+003	1.526439e+003	1.526439e+003	1.526439e+003	1.526439e+003	1.526439e+003	1.526439e+003	1.526439e+003		
5.630000e+002	1.526876e+003	1.526436e+003	1.526436e+003	1.526436e+003	1.526436e+003	1.526436e+003	1.526436e+003	1.526436e+003	1.526436e+003		
5.629000e+002	1.523376e+003	1.526411e+003	1.526411e+003	1.526411e+003	1.526411e+003	1.526411e+003	1.526411e+003	1.526411e+003	1.526411e+003		
5.628000e+002	1.537376e+003	1.526322e+003	1.526322e+003	1.526322e+003	1.526322e+003	1.526322e+003	1.526322e+003	1.526322e+003	1.526322e+003		
5.627000e+002	1.501501e+003	1.526124e+003	1.526124e+003	1.526124e+003	1.526124e+003	1.526124e+003	1.526124e+003	1.526124e+003	1.526124e+003		
5.626000e+002	1.530959e+003	1.526085e+003	1.526085e+003	1.526085e+003	1.526085e+003	1.526085e+003	1.526085e+003	1.526085e+003	1.526085e+003		
5.625000e+002	1.524834e+003	1.526075e+003	1.526075e+003	1.526075e+003	1.526075e+003	1.526075e+003	1.526075e+003	1.526075e+003	1.526075e+003		
5.624000e+002	1.535334e+003	1.525999e+003	1.525999e+003	1.525999e+003	1.525999e+003	1.525999e+003	1.525999e+003	1.525999e+003	1.525999e+003		
5.623000e+002	1.529209e+003	1.525973e+003	1.525973e+003	1.525973e+003	1.525973e+003	1.525973e+003	1.525973e+003	1.525973e+003	1.525973e+003		
5.622000e+002	1.520751e+003	1.525932e+003	1.525932e+003	1.525932e+003	1.525932e+003	1.525932e+003	1.525932e+003	1.525932e+003	1.525932e+003		
5.621000e+002	1.529792e+003	1.525900e+003	1.525900e+003	1.525900e+003	1.525900e+003	1.525900e+003	1.525900e+003	1.525900e+003	1.525900e+003		
5.620000e+002	1.546709e+003	1.525731e+003	1.525731e+003	1.525731e+003	1.525731e+003	1.525731e+003	1.525731e+003	1.525731e+003	1.525731e+003		
5.619000e+002	1.531542e+003	1.525684e+003	1.525684e+003	1.525684e+003	1.525684e+003	1.525684e+003	1.525684e+003	1.525684e+003	1.525684e+003		
5.618000e+002	1.516667e+003	1.525612e+003	1.525612e+003	1.525612e+003	1.525612e+003	1.525612e+003	1.525612e+003	1.525612e+003	1.525612e+003		
5.617000e+002	1.528626e+003	1.528626e+003	1.528626e+003	1.528626e+003	1.528626e+003	1.528626e+003	1.528626e+003	1.528626e+003	1.528626e+003		
5.616000e+002	1.555459e+003	1.555459e+003	1.555459e+003	1.555459e+003	1.555459e+003	1.555459e+003	1.555459e+003	1.555459e+003	1.555459e+003		
5.615000e+002	1.542626e+003	1.542626e+003	1.542626e+003	1.542626e+003	1.542626e+003	1.542626e+003	1.542626e+003	1.542626e+003	1.542626e+003		
5.614000e+002	1.541167e+003	1.541167e+003	1.541167e+003	1.541167e+003	1.541167e+003	1.541167e+003	1.541167e+003	1.541167e+003	1.541167e+003		
5.613000e+002	1.539417e+003	1.539417e+003	1.539417e+003	1.539417e+003	1.539417e+003	1.539417e+003	1.539417e+003	1.539417e+003	1.539417e+003		
5.612000e+002	1.505876e+003	1.505876e+003	1.505876e+003	1.505876e+003	1.505876e+003	1.505876e+003	1.505876e+003	1.505876e+003	1.505876e+003		
5.611000e+002	1.528917e+003	1.528917e+003	1.528917e+003	1.528917e+003	1.528917e+003	1.528917e+003	1.528917e+003	1.528917e+003	1.528917e+003		
5.610000e+002	1.534751e+003	1.534751e+003	1.534751e+003	1.534751e+003	1.534751e+003	1.534751e+003	1.534751e+003	1.534751e+003	1.534751e+003		
5.609000e+002	1.519584e+003	1.519584e+003	1.519584e+003	1.519584e+003	1.519584e+003	1.519584e+003	1.519584e+003	1.519584e+003	1.519584e+003		
5.608000e+002	1.530084e+003	1.530084e+003	1.530084e+003	1.530084e+003	1.530084e+003	1.530084e+003	1.530084e+003	1.530084e+003	1.530084e+003		
5.607000e+002	1.549334e+003	1.549334e+003	1.549334e+003	1.549334e+003	1.549334e+003	1.549334e+003	1.549334e+003	1.549334e+003	1.549334e+003		
5.606000e+002	1.525709e+003	1.525709e+003	1.525709e+003	1.525709e+003	1.525709e+003	1.525709e+003	1.525709e+003	1.525709e+003	1.525709e+003		
5.605000e+002	1.507042e+003	1.507042e+003	1.507042e+003	1.507042e+003	1.507042e+003	1.507042e+003	1.507042e+003	1.507042e+003	1.507042e+003		
5.604000e+002	1.540292e+003	1.540292e+003	1.540292e+003	1.540292e+003	1.540292e+003	1.540292e+003	1.540292e+003	1.540292e+003	1.540292e+003		
5.603000e+002	1.523667e+003	1.523667e+003	1.523667e+003	1.523667e+003	1.523667e+003	1.523667e+003	1.523667e+003	1.523667e+003	1.523667e+003		
5.602000e+002	1.549042e+003	1.549042e+003	1.549042e+003	1.549042e+003	1.549042e+003	1.549042e+003	1.549042e+003	1.549042e+003	1.549042e+003		
5.601000e+002	1.514626e+003	1.514626e+003	1.514626e+003	1.514626e+003	1.514626e+003	1.514626e+003	1.514626e+003	1.514626e+003	1.514626e+003		
5.600000e+002	1.511417e+003	1.511417e+003	1.511417e+003	1.511417e+003	1.511417e+003	1.511417e+003	1.511417e+003	1.511417e+003	1.511417e+003		