Name		Cr 2p	Cr 2p	Cr 2p	Cr 2p				
Position		577.226	586.426	574.549	583.749				
FWHM		3.35222	3.35222	0.729161	0.729161				
Area		7712.2	3856.1	171.5	85.774				
Lineshape		GL(30)	GL(30)	GL(30)	GL(30)				

B.E.	Cycle 3:Cr 2p/26:CPS	Cr 2p/26:Cr 2p	Cr 2p/26:Cr 2p	Cr 2p/26:Cr 2p	Cr 2p/26:Cr 2p	Background	Envelope		
5.975600e+002	2.650959e+003	2.650959e+003	2.650959e+003	2.650959e+003	2.650959e+003	2.650959e+003	2.650959e+003		
5.974600e+002	2.651251e+003	2.651251e+003	2.651251e+003	2.651251e+003	2.651251e+003	2.651251e+003	2.651251e+003		
5.973600e+002	2.623251e+003	2.623251e+003	2.623251e+003	2.623251e+003	2.623251e+003	2.623251e+003	2.623251e+003		
5.972600e+002	2.647751e+003	2.647751e+003	2.647751e+003	2.647751e+003	2.647751e+003	2.647751e+003	2.647751e+003		
5.971600e+002	2.611001e+003	2.611001e+003	2.611001e+003	2.611001e+003	2.611001e+003	2.611001e+003	2.611001e+003		
5.970600e+002	2.621209e+003	2.621209e+003	2.621209e+003	2.621209e+003	2.621209e+003	2.621209e+003	2.621209e+003		
5.969600e+002	2.603418e+003	2.603418e+003	2.603418e+003	2.603418e+003	2.603418e+003	2.603418e+003	2.603418e+003		
5.968600e+002	2.650959e+003	2.650959e+003	2.650959e+003	2.650959e+003	2.650959e+003	2.650959e+003	2.650959e+003		
5.967600e+002	2.658251e+003	2.658251e+003	2.658251e+003	2.658251e+003	2.658251e+003	2.658251e+003	2.658251e+003		
5.966600e+002	2.667876e+003	2.667876e+003	2.667876e+003	2.667876e+003	2.667876e+003	2.667876e+003	2.667876e+003		
5.965600e+002	2.616251e+003	2.616251e+003	2.616251e+003	2.616251e+003	2.616251e+003	2.616251e+003	2.616251e+003		
5.964600e+002	2.635793e+003	2.635793e+003	2.635793e+003	2.635793e+003	2.635793e+003	2.635793e+003	2.635793e+003		
5.963600e+002	2.628793e+003	2.628793e+003	2.628793e+003	2.628793e+003	2.628793e+003	2.628793e+003	2.628793e+003		
5.962600e+002	2.645418e+003	2.645418e+003	2.645418e+003	2.645418e+003	2.645418e+003	2.645418e+003	2.645418e+003		
5.961600e+002	2.613334e+003	2.613334e+003	2.613334e+003	2.613334e+003	2.613334e+003	2.613334e+003	2.613334e+003		
5.960600e+002	2.599334e+003	2.599334e+003	2.599334e+003	2.599334e+003	2.599334e+003	2.599334e+003	2.599334e+003		
5.959600e+002	2.636668e+003	2.636668e+003	2.636668e+003	2.636668e+003	2.636668e+003	2.636668e+003	2.636668e+003		
5.958600e+002	2.625876e+003	2.625876e+003	2.625876e+003	2.625876e+003	2.625876e+003	2.625876e+003	2.625876e+003		
5.957600e+002	2.580959e+003	2.580959e+003	2.580960e+003	2.580959e+003	2.580959e+003	2.580959e+003	2.580960e+003		
5.956600e+002	2.575709e+003	2.575709e+003	2.575710e+003	2.575709e+003	2.575709e+003	2.575709e+003	2.575710e+003		
5.955600e+002	2.615668e+003	2.615668e+003	2.615668e+003	2.615668e+003	2.615668e+003	2.615668e+003	2.615668e+003		
5.954600e+002	2.592043e+003	2.592043e+003	2.592043e+003	2.592043e+003	2.592043e+003	2.592043e+003	2.592043e+003		
5.953600e+002	2.584168e+003	2.584168e+003	2.584168e+003	2.584168e+003	2.584168e+003	2.584168e+003	2.584168e+003		
5.952600e+002	2.613918e+003	2.613918e+003	2.613918e+003	2.613918e+003	2.613918e+003	2.613918e+003	2.613918e+003		
5.951600e+002	2.556459e+003	2.556459e+003	2.556460e+003	2.556459e+003	2.556459e+003	2.556459e+003	2.556460e+003		
5.950600e+002	2.559084e+003	2.559084e+003	2.559085e+003	2.559084e+003	2.559084e+003	2.559084e+003	2.559085e+003		
5.949600e+002	2.609543e+003	2.609543e+003	2.609544e+003	2.609543e+003	2.609543e+003	2.609543e+003	2.609544e+003		
5.948600e+002	2.556459e+003	2.556459e+003	2.556461e+003	2.556459e+003	2.556459e+003	2.556459e+003	2.556461e+003		
5.947600e+002	2.537793e+003	2.537793e+003	2.537795e+003	2.537793e+003	2.537793e+003	2.537793e+003	2.537795e+003		
5.946600e+002	2.549168e+003	2.549168e+003	2.549170e+003	2.549168e+003	2.549168e+003	2.549168e+003	2.549170e+003		
5.945600e+002	2.526126e+003	2.526126e+003	2.526130e+003	2.526126e+003	2.526126e+003	2.526126e+003	2.526130e+003		
5.944600e+002	2.558501e+003	2.558501e+003	2.558506e+003	2.558501e+003	2.558501e+003	2.558501e+003	2.558506e+003		
5.943600e+002	2.548584e+003	2.548584e+003	2.548591e+003	2.548584e+003	2.548584e+003	2.548584e+003	2.548591e+003		
5.942600e+002	2.556168e+003	2.556168e+003	2.556176e+003	2.556168e+003	2.556168e+003	2.556168e+003	2.556176e+003		
5.941600e+002	2.537209e+003	2.537209e+003	2.537220e+003	2.537209e+003	2.537209e+003	2.537209e+003	2.537220e+003		
5.940600e+002	2.543043e+003	2.543043e+003	2.543057e+003	2.543043e+003	2.543043e+003	2.543043e+003	2.543057e+003		
5.939600e+002	2.550626e+003	2.550626e+003	2.550645e+003	2.550626e+003	2.550626e+003	2.550626e+003	2.550645e+003		
5.938600e+002	2.519418e+003	2.519418e+003	2.519442e+003	2.519418e+003	2.519418e+003	2.519418e+003	2.519442e+003		
5.937600e+002	2.511251e+003	2.511251e+003	2.511282e+003	2.511251e+003	2.511251e+003	2.511251e+003	2.511282e+003		
5.936600e+002	2.513876e+003	2.513876e+003	2.513917e+003	2.513876e+003	2.513876e+003	2.513876e+003	2.513917e+003		
5.935600e+002	2.527293e+003	2.527293e+003	2.527345e+003	2.527293e+003	2.527293e+003	2.527293e+003	2.527345e+003		
5.934600e+002	2.532251e+003	2.532251e+003	2.532318e+003	2.532251e+003	2.532251e+003	2.532251e+003	2.532318e+003		
5.933600e+002	2.550043e+003	2.550043e+003	2.550129e+003	2.550043e+003	2.550043e+003	2.550043e+003	2.550129e+003		
5.932600e+002	2.498709e+003	2.498709e+003	2.498819e+003	2.498709e+003	2.498709e+003	2.498709e+003	2.498819e+003		
5.931600e+002	2.471293e+003	2.471293e+003	2.471432e+003	2.471293e+003	2.471293e+003	2.471293e+003	2.471432e+003		
5.930600e+002	2.501334e+003	2.501334e+003	2.501511e+003	2.501334e+003	2.501334e+003	2.501334e+003	2.501511e+003		
5.929600e+002	2.512418e+003	2.512418e+003	2.512641e+003	2.512418e+003	2.512418e+003	2.512418e+003	2.512641e+003		
5.928600e+002	2.492584e+003	2.492584e+003	2.492866e+003	2.492584e+003	2.492584e+003	2.492584e+003	2.492866e+003		
5.927600e+002	2.483834e+003	2.483834e+003	2.484189e+003	2.483834e+003	2.483834e+003	2.483834e+003	2.484189e+003		
5.926600e+002	2.524084e+003	2.524084e+003	2.524530e+003	2.524084e+003	2.524084e+003	2.524084e+003	2.524530e+003		
5.925600e+002	2.510668e+003	2.510668e+003	2.511224e+003	2.510668e+003	2.510668e+003	2.510668e+003	2.511224e+003		
5.924600e+002	2.468376e+003	2.468376e+003	2.469068e+003	2.468376e+003	2.468376e+003	2.468376e+003	2.469068e+003		
5.923600e+002	2.504543e+003	2.504543e+003	2.505401e+003	2.504543e+003	2.504543e+003	2.504543e+003	2.505401e+003		
5.922600e+002	2.464584e+003	2.464584e+003	2.465648e+003	2.464584e+003	2.464584e+003	2.464584e+003	2.465648e+003		
5.921600e+002	2.495501e+003	2.495501e+003	2.496817e+003	2.495501e+003	2.495501e+003	2.495501e+003	2.496817e+003		
5.920600e+002	2.497543e+003	2.497543e+003	2.499165e+003	2.497543e+003	2.497543e+003	2.497543e+003	2.499165e+003		
5.919600e+002	2.472459e+003	2.472459e+003	2.474451e+003	2.472459e+003	2.472459e+003	2.472459e+003	2.474451e+003		
5.918600e+002	2.429293e+003	2.429293e+003	2.431730e+003	2.429293e+003	2.429293e+003	2.429293e+003	2.431730e+003		
5.917600e+002	2.486459e+003	2.486459e+003	2.489432e+003	2.486459e+003	2.486459e+003	2.486459e+003	2.489432e+003		
5.916600e+002	2.478584e+003	2.478584e+003	2.482197e+003	2.478584e+003	2.478584e+003	2.478584e+003	2.482197e+003		
5.915600e+002	2.464876e+003	2.464876e+003	2.469262e+003	2.464876e+003	2.464876e+003	2.464876e+003	2.469262e+003		
5.914600e+002	2.471876e+003	2.471876e+003	2.477190e+003	2.471876e+003	2.471876e+003	2.471876e+003	2.477190e+003		
5.913600e+002	2.496376e+003	2.496376e+003	2.502790e+003	2.496376e+003	2.496376e+003	2.496376e+003	2.502790e+003		
5.912600e+002	2.453209e+003	2.464408e+003	2.472123e+003	2.464408e+003	2.464408e+003	2.464408e+003	2.472123e+003		
5.911600e+002	2.443876e+003	2.464264e+003	2.473512e+003	2.464264e+003	2.464264e+003	2.464264e+003	2.473512e+003		
5.910600e+002	2.465751e+003	2.464253e+003	2.475302e+003	2.464253e+003	2.464253e+003	2.464253e+003	2.475302e+003		
5.909600e+002	2.475084e+003	2.464176e+003	2.477332e+003	2.464176e+003	2.464176e+003	2.464176e+003	2.477332e+003		
5.908600e+002	2.463418e+003	2.464171e+003	2.479824e+003	2.464171e+003	2.464171e+003	2.464171e+003	2.479824e+003		
5.907600e+002	2.484418e+003	2.464027e+003	2.482592e+003	2.464027e+003	2.464027e+003	2.464027e+003	2.482592e+003		
5.906600e+002	2.485293e+003	2.463875e+003	2.485820e+003	2.463875e+003	2.463875e+003	2.463875e+003	2.485820e+003		
5.905600e+002	2.474209e+003	2.463802e+003	2.489651e+003	2.463802e+003	2.463802e+003	2.463802e+003	2.489651e+003		
5.904600e+002	2.503668e+003	2.463518e+003	2.493865e+003	2.463518e+003	2.463518e+003	2.463518e+003	2.493865e+003		
5.903600e+002	2.516501e+003	2.463141e+003	2.498650e+003	2.463141e+003	2.463141e+003	2.463141e+003	2.498650e+003		
5.902600e+002	2.492584e+003	2.462931e+003	2.504353e+003	2.462931e+003	2.462931e+003	2.462931e+003	2.504353e+003		
5.901600e+002	2.477126e+003	2.462830e+003	2.511085e+003	2.462830e+003	2.462830e+003	2.462830e+003	2.511085e+003		
5.900600e+002	2.535459e+003	2.462313e+003	2.518334e+003	2.462313e+003	2.462313e+003	2.462313e+003	2.518334e+003		
5.899600e+002	2.520001e+003	2.461902e+003	2.526717e+003	2.461902e+003	2.461902e+003	2.461902e+003	2.526717e+003		
5.898600e+002	2.588251e+003	2.461003e+003	2.535736e+003	2.461003e+003	2.461003e+003	2.461003e+003	2.535736e+003		
5.897600e+002	2.583584e+003	2.460130e+003	2.546010e+003	2.460130e+003	2.460130e+003	2.460130e+003	2.546010e+003		
5.896600e+002	2.590584e+003	2.459202e+003	2.557560e+003	2.459202e+003	2.459202e+003	2.459202e+003	2.557560e+003		
5.895600e+002	2.596709e+003	2.458223e+003	2.570550e+003	2.458223e+003	2.458223e+003	2.458223e+003	2.570550e+003		
5.894600e+002	2.623834e+003	2.457044e+003	2.585021e+003	2.457044e+003	2.457044e+003	2.457044e+003	2.585021e+003		
5.893600e+002	2.640168e+003	2.455740e+003	2.601035e+003	2.455740e+003	2.455740e+003	2.455740e+003	2.601035e+003		
5.892600e+002	2.679834e+003	2.454145e+003	2.618522e+003	2.454145e+003	2.454145e+003	2.454145e+003	2.618522e+003		
5.891600e+002	2.695293e+003	2.452428e+003	2.637743e+003	2.452428e+003	2.452428e+003	2.452428e+003	2.637743e+003		
5.890600e+002	2.715418e+003	2.450556e+003	2.658742e+003	2.450556e+003	2.450556e+003	2.450556e+003	2.658742e+003		
5.889600e+002	2.742251e+003	2.448479e+003	2.681537e+003	2.448479e+003	2.448479e+003	2.448479e+003	2.681537e+003		
5.888600e+002	2.797084e+003	2.445998e+003	2.706098e+003	2.445998e+003	2.445998e+003	2.445998e+003	2.706098e+003		
5.887600e+002	2.793293e+003	2.443525e+003	2.732869e+003	2.443525e+003	2.443525e+003	2.443525e+003	2.732869e+003		
5.886600e+002	2.816626e+003	2.440869e+003	2.761539e+003	2.440869e+003	2.440869e+003	2.440869e+003	2.761539e+003		
5.885600e+002	2.884293e+003	2.437712e+003	2.791762e+003	2.437712e+003	2.437712e+003	2.437712e+003	2.791762e+003		
5.884600e+002	2.901501e+003	2.434411e+003	2.823832e+003	2.434411e+003	2.434411e+003	2.434411e+003	2.823832e+003		
5.883600e+002	2.956335e+003	2.430695e+003	2.857383e+003	2.430695e+003	2.430695e+003	2.430695e+003	2.857383e+003		
5.882600e+002	2.994543e+003	2.426681e+003	2.892392e+003	2.426681e+003	2.426681e+003	2.426681e+003	2.892392e+003		
5.881600e+002	3.013210e+003	2.422506e+003	2.928929e+003	2.422506e+003	2.422506e+003	2.422506e+003	2.928929e+003		
5.880600e+002	3.079126e+003	2.417831e+003	2.966319e+003	2.417831e+003	2.417831e+003	2.417831e+003	2.966319e+003		
5.879600e+002	3.127543e+003	2.412779e+003	3.004354e+003	2.412779e+003	2.412779e+003	2.412779e+003	3.004354e+003		
5.878600e+002	3.213585e+003	2.407078e+003	3.042436e+003	2.407078e+003	2.407078e+003	2.407078e+003	3.042436e+003		
5.877600e+002	3.244793e+003	2.401115e+003	3.080580e+003	2.401115e+003	2.401115e+003	2.401115e+003	3.080580e+003		
5.876600e+002	3.269876e+003	2.394930e+003	3.118418e+003	2.394930e+003	2.394930e+003	2.394930e+003	3.118418e+003		
5.875600e+002	3.280085e+003	2.388629e+003	3.155606e+003	2.388629e+003	2.388629e+003	2.388629e+003	3.155606e+003		
5.874600e+002	3.332876e+003	2.381907e+003	3.191201e+003	2.381907e+003	2.381907e+003	2.381907e+003	3.191201e+003		
5.873600e+002	3.403168e+003	2.374636e+003	3.224616e+003	2.374636e+003	2.374636e+003	2.374636e+003	3.224616e+003		
5.872600e+002	3.371376e+003	2.367541e+003	3.256067e+003	2.367541e+003	2.367541e+003	2.367541e+003	3.256067e+003		
5.871600e+002	3.419793e+003	2.360050e+003	3.284463e+003	2.360050e+003	2.360050e+003	2.360050e+003	3.284463e+003		
5.870600e+002	3.444876e+003	2.352327e+003	3.309462e+003	2.352327e+003	2.352327e+003	2.352327e+003	3.309462e+003		
5.869600e+002	3.428835e+003	2.344663e+003	3.330871e+003	2.344663e+003	2.344663e+003	2.344663e+003	3.330871e+003		
5.868600e+002	3.385376e+003	2.337255e+003	3.348371e+003	2.337255e+003	2.337255e+003	2.337255e+003	3.348371e+003		
5.867600e+002	3.459168e+003	2.329268e+003	3.360313e+003	2.329268e+003	2.329268e+003	2.329268e+003	3.360313e+003		
5.866600e+002	3.387418e+003	2.321735e+003	3.367823e+003	2.321735e+003	2.321735e+003	2.321735e+003	3.367823e+003		
5.865600e+002	3.366418e+003	2.314298e+003	3.370298e+003	2.314298e+003	2.314298e+003	2.314298e+003	3.370298e+003		
5.864600e+002	3.317126e+003	2.307159e+003	3.367775e+003	2.307159e+003	2.307159e+003	2.307159e+003	3.367776e+003		
5.863600e+002	3.305168e+003	2.300055e+003	3.359914e+003	2.300054e+003	2.300054e+003	2.300054e+003	3.359915e+003		
5.862600e+002	3.345418e+003	2.292613e+003	3.346353e+003	2.292612e+003	2.292612e+003	2.292612e+003	3.346353e+003		
5.861600e+002	3.297585e+003	2.285459e+003	3.327618e+003	2.285458e+003	2.285458e+003	2.285458e+003	3.327619e+003		
5.860600e+002	3.282710e+003	2.278360e+003	3.303513e+003	2.278359e+003	2.278359e+003	2.278359e+003	3.303514e+003		
5.859600e+002	3.228168e+003	2.271598e+003	3.274998e+003	2.271597e+003	2.271597e+003	2.271597e+003	3.274999e+003		
5.858600e+002	3.176251e+003	2.265159e+003	3.242408e+003	2.265157e+003	2.265157e+003	2.265157e+003	3.242410e+003		
5.857600e+002	3.166335e+003	2.258744e+003	3.205857e+003	2.258742e+003	2.258742e+003	2.258742e+003	3.205859e+003		
5.856600e+002	3.096918e+003	2.252778e+003	3.166224e+003	2.252775e+003	2.252775e+003	2.252775e+003	3.166227e+003		
5.855600e+002	3.047043e+003	2.247125e+003	3.123864e+003	2.247120e+003	2.247121e+003	2.247120e+003	3.123868e+003		
5.854600e+002	3.025751e+003	2.241583e+003	3.078962e+003	2.241577e+003	2.241578e+003	2.241577e+003	3.078969e+003		
5.853600e+002	2.908501e+003	2.236837e+003	3.032828e+003	2.236830e+003	2.236832e+003	2.236830e+003	3.032838e+003		
5.852600e+002	2.863585e+003	2.232377e+003	2.985590e+003	2.232368e+003	2.232376e+003	2.232368e+003	2.985609e+003		
5.851600e+002	2.842585e+003	2.228036e+003	2.937580e+003	2.228024e+003	2.228049e+003	2.228024e+003	2.937619e+003		
5.850600e+002	2.824793e+003	2.223792e+003	2.889247e+003	2.223775e+003	2.223847e+003	2.223775e+003	2.889336e+003		
5.849600e+002	2.822751e+003	2.219533e+003	2.840921e+003	2.219511e+003	2.219702e+003	2.219511e+003	2.841134e+003		
5.848600e+002	2.799709e+003	2.215410e+003	2.793152e+003	2.215381e+003	2.215855e+003	2.215381e+003	2.793655e+003		
5.847600e+002	2.716293e+003	2.211853e+003	2.746827e+003	2.211815e+003	2.212922e+003	2.211815e+003	2.747972e+003		
5.846600e+002	2.694709e+003	2.208426e+003	2.701810e+003	2.208377e+003	2.210800e+003	2.208377e+003	2.704281e+003		
5.845600e+002	2.650668e+003	2.205292e+003	2.658495e+003	2.205229e+003	2.210220e+003	2.205229e+003	2.663550e+003		
5.844600e+002	2.590876e+003	2.202564e+003	2.617210e+003	2.202483e+003	2.212113e+003	2.202483e+003	2.626921e+003		
5.843600e+002	2.573376e+003	2.199948e+003	2.577825e+003	2.199843e+003	2.217202e+003	2.199843e+003	2.595288e+003		
5.842600e+002	2.536043e+003	2.197584e+003	2.540610e+003	2.197450e+003	2.226616e+003	2.197450e+003	2.569911e+003		
5.841600e+002	2.500751e+003	2.195463e+003	2.505640e+003	2.195291e+003	2.240758e+003	2.195291e+003	2.551280e+003		
5.840600e+002	2.499293e+003	2.193346e+003	2.472961e+003	2.193126e+003	2.258371e+003	2.193126e+003	2.538425e+003		
5.839600e+002	2.491418e+003	2.191282e+003	2.442417e+003	2.191003e+003	2.276529e+003	2.191003e+003	2.528222e+003		
5.838600e+002	2.420543e+003	2.189722e+003	2.414437e+003	2.189369e+003	2.290904e+003	2.189369e+003	2.516325e+003		
5.837600e+002	2.421418e+003	2.188163e+003	2.388479e+003	2.187717e+003	2.296142e+003	2.187717e+003	2.497351e+003		
5.836600e+002	2.371834e+003	2.186970e+003	2.364848e+003	2.186406e+003	2.290296e+003	2.186406e+003	2.469302e+003		
5.835600e+002	2.389334e+003	2.185672e+003	2.342998e+003	2.184962e+003	2.274440e+003	2.184962e+003	2.433187e+003		
5.834600e+002	2.405376e+003	2.184283e+003	2.322892e+003	2.183392e+003	2.253051e+003	2.183392e+003	2.393440e+003		
5.833600e+002	2.407418e+003	2.182910e+003	2.304651e+003	2.181798e+003	2.231251e+003	2.181798e+003	2.355217e+003		
5.832600e+002	2.353459e+003	2.181960e+003	2.288404e+003	2.180576e+003	2.212848e+003	2.180576e+003	2.322061e+003		
5.831600e+002	2.312043e+003	2.181357e+003	2.273960e+003	2.179640e+003	2.199137e+003	2.179640e+003	2.295175e+003		
5.830600e+002	2.334209e+003	2.180666e+003	2.260763e+003	2.178539e+003	2.189517e+003	2.178539e+003	2.273869e+003		
5.829600e+002	2.328376e+003	2.180104e+003	2.248906e+003	2.177473e+003	2.183246e+003	2.177473e+003	2.257311e+003		
5.828600e+002	2.343543e+003	2.179534e+003	2.238135e+003	2.176290e+003	2.179131e+003	2.176290e+003	2.244220e+003		
5.827600e+002	2.339459e+003	2.179113e+003	2.228528e+003	2.175129e+003	2.176443e+003	2.175129e+003	2.233826e+003		
5.826600e+002	2.329543e+003	2.178905e+003	2.220043e+003	2.174030e+003	2.174601e+003	2.174030e+003	2.225489e+003		
5.825600e+002	2.338001e+003	2.178807e+003	2.212380e+003	2.172862e+003	2.173095e+003	2.172862e+003	2.218558e+003		
5.824600e+002	2.310876e+003	2.179105e+003	2.205706e+003	2.171880e+003	2.171969e+003	2.171880e+003	2.213020e+003		
5.823600e+002	2.305626e+003	2.179700e+003	2.199784e+003	2.170928e+003	2.170960e+003	2.170928e+003	2.208589e+003		
5.822600e+002	2.254293e+003	2.180962e+003	2.194867e+003	2.170334e+003	2.170345e+003	2.170334e+003	2.205506e+003		
5.821600e+002	2.280543e+003	2.182378e+003	2.190334e+003	2.169550e+003	2.169553e+003	2.169550e+003	2.203166e+003		
5.820600e+002	2.326334e+003	2.183864e+003	2.186011e+003	2.168433e+003	2.168434e+003	2.168433e+003	2.201442e+003		
5.819600e+002	2.257793e+003	2.186293e+003	2.182630e+003	2.167797e+003	2.167797e+003	2.167797e+003	2.201126e+003		
5.818600e+002	2.293668e+003	2.188998e+003	2.179376e+003	2.166901e+003	2.166901e+003	2.166901e+003	2.201473e+003		
5.817600e+002	2.288126e+003	2.192349e+003	2.176495e+003	2.166038e+003	2.166038e+003	2.166038e+003	2.202805e+003		
5.816600e+002	2.262751e+003	2.196655e+003	2.174084e+003	2.165350e+003	2.165350e+003	2.165350e+003	2.205390e+003		
5.815600e+002	2.272084e+003	2.201721e+003	2.171860e+003	2.164590e+003	2.164590e+003	2.164590e+003	2.208992e+003		
5.814600e+002	2.264209e+003	2.207769e+003	2.169911e+003	2.163881e+003	2.163881e+003	2.163881e+003	2.213800e+003		
5.813600e+002	2.282293e+003	2.214736e+003	2.168036e+003	2.163038e+003	2.163038e+003	2.163038e+003	2.219735e+003		
5.812600e+002	2.343543e+003	2.222447e+003	2.165885e+003	2.161752e+003	2.161752e+003	2.161752e+003	2.226579e+003		
5.811600e+002	2.326334e+003	2.231600e+003	2.163985e+003	2.160581e+003	2.160581e+003	2.160581e+003	2.235004e+003		
5.810600e+002	2.313501e+003	2.242335e+003	2.162287e+003	2.159492e+003	2.159492e+003	2.159492e+003	2.245130e+003		
5.809600e+002	2.329251e+003	2.254794e+003	2.160570e+003	2.158284e+003	2.158284e+003	2.158284e+003	2.257080e+003		
5.808600e+002	2.316126e+003	2.269202e+003	2.159024e+003	2.157160e+003	2.157160e+003	2.157160e+003	2.271066e+003		
5.807600e+002	2.328959e+003	2.285565e+003	2.157450e+003	2.155937e+003	2.155937e+003	2.155937e+003	2.287079e+003		
5.806600e+002	2.337709e+003	2.304109e+003	2.155873e+003	2.154643e+003	2.154643e+003	2.154643e+003	2.305339e+003		
5.805600e+002	2.340334e+003	2.325080e+003	2.154317e+003	2.153321e+003	2.153321e+003	2.153321e+003	2.326076e+003		
5.804600e+002	2.365709e+003	2.348526e+003	2.152613e+003	2.151809e+003	2.151809e+003	2.151809e+003	2.349330e+003		
5.803600e+002	2.416168e+003	2.374581e+003	2.150573e+003	2.149927e+003	2.149927e+003	2.149927e+003	2.375227e+003		
5.802600e+002	2.421418e+003	2.403949e+003	2.148512e+003	2.147994e+003	2.147994e+003	2.147994e+003	2.404467e+003		
5.801600e+002	2.408001e+003	2.436734e+003	2.146556e+003	2.146143e+003	2.146143e+003	2.146143e+003	2.437147e+003		
5.800600e+002	2.493751e+003	2.472424e+003	2.143997e+003	2.143668e+003	2.143668e+003	2.143668e+003	2.472753e+003		
5.799600e+002	2.465751e+003	2.512005e+003	2.141637e+003	2.141375e+003	2.141375e+003	2.141375e+003	2.512267e+003		
5.798600e+002	2.558209e+003	2.554780e+003	2.138616e+003	2.138408e+003	2.138408e+003	2.138408e+003	2.554988e+003		
5.797600e+002	2.562001e+003	2.601509e+003	2.135557e+003	2.135392e+003	2.135392e+003	2.135392e+003	2.601673e+003		
5.796600e+002	2.612459e+003	2.652197e+003	2.132126e+003	2.131996e+003	2.131996e+003	2.131996e+003	2.652327e+003		
5.795600e+002	2.669626e+003	2.706856e+003	2.128270e+003	2.128169e+003	2.128169e+003	2.128169e+003	2.706958e+003		
5.794600e+002	2.741376e+003	2.765143e+003	2.123883e+003	2.123803e+003	2.123803e+003	2.123803e+003	2.765222e+003		
5.793600e+002	2.829751e+003	2.826877e+003	2.118840e+003	2.118778e+003	2.118778e+003	2.118778e+003	2.826939e+003		
5.792600e+002	2.846376e+003	2.892441e+003	2.113646e+003	2.113598e+003	2.113598e+003	2.113598e+003	2.892489e+003		
5.791600e+002	2.898001e+003	2.961389e+003	2.108051e+003	2.108014e+003	2.108014e+003	2.108014e+003	2.961427e+003		
5.790600e+002	2.917543e+003	3.033673e+003	2.102280e+003	2.102251e+003	2.102251e+003	2.102251e+003	3.033702e+003		
5.789600e+002	3.000668e+003	3.108700e+003	2.095877e+003	2.095855e+003	2.095855e+003	2.095855e+003	3.108723e+003		
5.788600e+002	3.067751e+003	3.185912e+003	2.088953e+003	2.088936e+003	2.088936e+003	2.088936e+003	3.185929e+003		
5.787600e+002	3.099251e+003	3.264893e+003	2.081757e+003	2.081744e+003	2.081744e+003	2.081744e+003	3.264906e+003		
5.786600e+002	3.272793e+003	3.343979e+003	2.073275e+003	2.073265e+003	2.073265e+003	2.073265e+003	3.343989e+003		
5.785600e+002	3.319460e+003	3.423324e+003	2.064401e+003	2.064393e+003	2.064393e+003	2.064393e+003	3.423332e+003		
5.784600e+002	3.388001e+003	3.501947e+003	2.054976e+003	2.054970e+003	2.054970e+003	2.054970e+003	3.501953e+003		
5.783600e+002	3.473460e+003	3.578827e+003	2.044876e+003	2.044872e+003	2.044872e+003	2.044872e+003	3.578831e+003		
5.782600e+002	3.623668e+003	3.652221e+003	2.033636e+003	2.033633e+003	2.033633e+003	2.033633e+003	3.652224e+003		
5.781600e+002	3.665377e+003	3.721977e+003	2.022019e+003	2.022016e+003	2.022016e+003	2.022016e+003	3.721979e+003		
5.780600e+002	3.712918e+003	3.787031e+003	2.009981e+003	2.009979e+003	2.009979e+003	2.009979e+003	3.787033e+003		
5.779600e+002	3.847668e+003	3.845724e+003	1.996898e+003	1.996897e+003	1.996897e+003	1.996897e+003	3.845725e+003		
5.778600e+002	3.843877e+003	3.898018e+003	1.983749e+003	1.983748e+003	1.983748e+003	1.983748e+003	3.898019e+003		
5.777600e+002	3.915918e+003	3.942407e+003	1.969994e+003	1.969993e+003	1.969993e+003	1.969993e+003	3.942408e+003		
5.776600e+002	3.938377e+003	3.978213e+003	1.955981e+003	1.955980e+003	1.955980e+003	1.955980e+003	3.978214e+003		
5.775600e+002	3.974543e+003	4.003700e+003	1.941611e+003	1.941610e+003	1.941610e+003	1.941610e+003	4.003700e+003		
5.774600e+002	3.962002e+003	4.019403e+003	1.927227e+003	1.927227e+003	1.927227e+003	1.927227e+003	4.019403e+003		
5.773600e+002	3.975710e+003	4.024643e+003	1.912644e+003	1.912644e+003	1.912644e+003	1.912644e+003	4.024644e+003		
5.772600e+002	3.962293e+003	4.019286e+003	1.898053e+003	1.898053e+003	1.898053e+003	1.898053e+003	4.019286e+003		
5.771600e+002	3.965793e+003	4.003053e+003	1.883333e+003	1.883333e+003	1.883333e+003	1.883333e+003	4.003053e+003		
5.770600e+002	3.962585e+003	3.976011e+003	1.868531e+003	1.868530e+003	1.868530e+003	1.868530e+003	3.976011e+003		
5.769600e+002	4.012460e+003	3.937588e+003	1.853268e+003	1.853268e+003	1.853268e+003	1.853268e+003	3.937588e+003		
5.768600e+002	3.962877e+003	3.888559e+003	1.838250e+003	1.838250e+003	1.838250e+003	1.838250e+003	3.888559e+003		
5.767600e+002	3.931960e+003	3.830147e+003	1.823345e+003	1.823345e+003	1.823345e+003	1.823345e+003	3.830147e+003		
5.766600e+002	3.862543e+003	3.763330e+003	1.808828e+003	1.808828e+003	1.808828e+003	1.808828e+003	3.763330e+003		
5.765600e+002	3.821127e+003	3.688733e+003	1.794503e+003	1.794503e+003	1.794502e+003	1.794502e+003	3.688733e+003		
5.764600e+002	3.752877e+003	3.607460e+003	1.780561e+003	1.780561e+003	1.780561e+003	1.780561e+003	3.607460e+003		
5.763600e+002	3.625710e+003	3.520912e+003	1.767425e+003	1.767426e+003	1.767425e+003	1.767425e+003	3.520913e+003		
5.762600e+002	3.518960e+003	3.429726e+003	1.754956e+003	1.754958e+003	1.754956e+003	1.754956e+003	3.429728e+003		
5.761600e+002	3.380126e+003	3.335383e+003	1.743387e+003	1.743392e+003	1.743387e+003	1.743387e+003	3.335388e+003		
5.760600e+002	3.244210e+003	3.239148e+003	1.732703e+003	1.732720e+003	1.732703e+003	1.732703e+003	3.239165e+003		
5.759600e+002	3.113251e+003	3.141988e+003	1.722875e+003	1.722926e+003	1.722875e+003	1.722875e+003	3.142039e+003		
5.758600e+002	3.031293e+003	3.044504e+003	1.713560e+003	1.713704e+003	1.713560e+003	1.713560e+003	3.044648e+003		
5.757600e+002	2.911418e+003	2.947852e+003	1.705033e+003	1.705414e+003	1.705033e+003	1.705033e+003	2.948233e+003		
5.756600e+002	2.816626e+003	2.852661e+003	1.697119e+003	1.698068e+003	1.697119e+003	1.697119e+003	2.853610e+003		
5.755600e+002	2.670793e+003	2.760213e+003	1.690188e+003	1.692401e+003	1.690188e+003	1.690188e+003	2.762426e+003		
5.754600e+002	2.649501e+003	2.670224e+003	1.683358e+003	1.688203e+003	1.683358e+003	1.683358e+003	2.675068e+003		
5.753600e+002	2.537209e+003	2.583813e+003	1.677280e+003	1.687263e+003	1.677280e+003	1.677280e+003	2.593796e+003		
5.752600e+002	2.458751e+003	2.501170e+003	1.671717e+003	1.690976e+003	1.671717e+003	1.671717e+003	2.520429e+003		
5.751600e+002	2.432501e+003	2.422265e+003	1.666301e+003	1.701018e+003	1.666301e+003	1.666301e+003	2.456982e+003		
5.750600e+002	2.403043e+003	2.347376e+003	1.661056e+003	1.719389e+003	1.661056e+003	1.661056e+003	2.405709e+003		
5.749600e+002	2.444168e+003	2.276180e+003	1.655481e+003	1.746417e+003	1.655481e+003	1.655481e+003	2.367116e+003		
5.748600e+002	2.389334e+003	2.209926e+003	1.650257e+003	1.780747e+003	1.650257e+003	1.650257e+003	2.340416e+003		
5.747600e+002	2.369793e+003	2.147963e+003	1.645134e+003	1.816187e+003	1.645134e+003	1.645134e+003	2.319015e+003		
5.746600e+002	2.359001e+003	2.090189e+003	1.640053e+003	1.843122e+003	1.640053e+003	1.640053e+003	2.293259e+003		
5.745600e+002	2.262168e+003	2.037149e+003	1.635624e+003	1.852474e+003	1.635624e+003	1.635624e+003	2.253999e+003		
5.744600e+002	2.191876e+003	1.988548e+003	1.631664e+003	1.839443e+003	1.631664e+003	1.631664e+003	2.196327e+003		
5.743600e+002	2.135001e+003	1.944154e+003	1.628081e+003	1.807037e+003	1.628081e+003	1.628081e+003	2.123111e+003		
5.742600e+002	2.052168e+003	1.904061e+003	1.625062e+003	1.764378e+003	1.625062e+003	1.625062e+003	2.043377e+003		
5.741600e+002	1.983626e+003	1.868216e+003	1.622509e+003	1.721417e+003	1.622509e+003	1.622509e+003	1.967124e+003		
5.740600e+002	1.876584e+003	1.836358e+003	1.620700e+003	1.685245e+003	1.620700e+003	1.620700e+003	1.900903e+003		
5.739600e+002	1.840126e+003	1.807780e+003	1.619138e+003	1.658133e+003	1.619138e+003	1.619138e+003	1.846775e+003		
5.738600e+002	1.792876e+003	1.782350e+003	1.617901e+003	1.639857e+003	1.617901e+003	1.617901e+003	1.804306e+003		
5.737600e+002	1.755251e+003	1.759790e+003	1.616924e+003	1.628470e+003	1.616924e+003	1.616924e+003	1.771337e+003		
5.736600e+002	1.702167e+003	1.740005e+003	1.616317e+003	1.621999e+003	1.616317e+003	1.616317e+003	1.745687e+003		
5.735600e+002	1.682042e+003	1.722648e+003	1.615849e+003	1.618477e+003	1.615849e+003	1.615849e+003	1.725275e+003		
5.734600e+002	1.693126e+003	1.707325e+003	1.615299e+003	1.616441e+003	1.615299e+003	1.615299e+003	1.708467e+003		
5.733600e+002	1.684667e+003	1.693840e+003	1.614805e+003	1.615270e+003	1.614805e+003	1.614805e+003	1.694306e+003		
5.732600e+002	1.645292e+003	1.682240e+003	1.614588e+003	1.614766e+003	1.614588e+003	1.614588e+003	1.682418e+003		
5.731600e+002	1.687584e+003	1.671782e+003	1.614068e+003	1.614132e+003	1.614068e+003	1.614068e+003	1.671846e+003		
5.730600e+002	1.628084e+003	1.663035e+003	1.613968e+003	1.613990e+003	1.613968e+003	1.613968e+003	1.663057e+003		
5.729600e+002	1.640917e+003	1.655346e+003	1.613777e+003	1.613783e+003	1.613777e+003	1.613777e+003	1.655353e+003		
5.728600e+002	1.643542e+003	1.648719e+003	1.613565e+003	1.613567e+003	1.613565e+003	1.613565e+003	1.648722e+003		
5.727600e+002	1.634209e+003	1.643083e+003	1.613418e+003	1.613418e+003	1.613418e+003	1.613418e+003	1.643084e+003		
5.726600e+002	1.639459e+003	1.638182e+003	1.613232e+003	1.613232e+003	1.613232e+003	1.613232e+003	1.638182e+003		
5.725600e+002	1.614667e+003	1.634135e+003	1.613222e+003	1.613222e+003	1.613222e+003	1.613222e+003	1.634135e+003		
5.724600e+002	1.638876e+003	1.630509e+003	1.613039e+003	1.613039e+003	1.613039e+003	1.613039e+003	1.630509e+003		
5.723600e+002	1.633626e+003	1.627434e+003	1.612893e+003	1.612893e+003	1.612893e+003	1.612893e+003	1.627434e+003		
5.722600e+002	1.622542e+003	1.624885e+003	1.612824e+003	1.612824e+003	1.612824e+003	1.612824e+003	1.624885e+003		
5.721600e+002	1.612626e+003	1.622820e+003	1.612823e+003	1.612823e+003	1.612823e+003	1.612823e+003	1.622820e+003		
5.720600e+002	1.622834e+003	1.621016e+003	1.612751e+003	1.612751e+003	1.612751e+003	1.612751e+003	1.621016e+003		
5.719600e+002	1.612917e+003	1.619559e+003	1.612750e+003	1.612750e+003	1.612750e+003	1.612750e+003	1.619559e+003		
5.718600e+002	1.606209e+003	1.618294e+003	1.612704e+003	1.612704e+003	1.612704e+003	1.612704e+003	1.618294e+003		
5.717600e+002	1.625751e+003	1.617185e+003	1.612612e+003	1.612612e+003	1.612612e+003	1.612612e+003	1.617185e+003		
5.716600e+002	1.631292e+003	1.616206e+003	1.612479e+003	1.612479e+003	1.612479e+003	1.612479e+003	1.616206e+003		
5.715600e+002	1.612626e+003	1.615505e+003	1.612477e+003	1.612477e+003	1.612477e+003	1.612477e+003	1.615505e+003		
5.714600e+002	1.616126e+003	1.614912e+003	1.612452e+003	1.612452e+003	1.612452e+003	1.612452e+003	1.614912e+003		
5.713600e+002	1.628959e+003	1.614327e+003	1.612334e+003	1.612334e+003	1.612334e+003	1.612334e+003	1.614327e+003		
5.712600e+002	1.591917e+003	1.593526e+003	1.591917e+003	1.591917e+003	1.591917e+003	1.591917e+003	1.593526e+003		
5.711600e+002	1.622542e+003	1.623836e+003	1.622542e+003	1.622542e+003	1.622542e+003	1.622542e+003	1.623836e+003		
5.710600e+002	1.602417e+003	1.603453e+003	1.602417e+003	1.602417e+003	1.602417e+003	1.602417e+003	1.603453e+003		
5.709600e+002	1.596876e+003	1.597703e+003	1.596876e+003	1.596876e+003	1.596876e+003	1.596876e+003	1.597703e+003		
5.708600e+002	1.623709e+003	1.624367e+003	1.623709e+003	1.623709e+003	1.623709e+003	1.623709e+003	1.624367e+003		
5.707600e+002	1.596584e+003	1.597108e+003	1.596584e+003	1.596584e+003	1.596584e+003	1.596584e+003	1.597108e+003		
5.706600e+002	1.598042e+003	1.598458e+003	1.598042e+003	1.598042e+003	1.598042e+003	1.598042e+003	1.598458e+003		
5.705600e+002	1.617292e+003	1.617621e+003	1.617292e+003	1.617292e+003	1.617292e+003	1.617292e+003	1.617621e+003		
5.704600e+002	1.632167e+003	1.632426e+003	1.632167e+003	1.632167e+003	1.632167e+003	1.632167e+003	1.632426e+003		
5.703600e+002	1.623709e+003	1.623912e+003	1.623709e+003	1.623709e+003	1.623709e+003	1.623709e+003	1.623912e+003		
5.702600e+002	1.617876e+003	1.618034e+003	1.617876e+003	1.617876e+003	1.617876e+003	1.617876e+003	1.618034e+003		
5.701600e+002	1.633626e+003	1.633749e+003	1.633626e+003	1.633626e+003	1.633626e+003	1.633626e+003	1.633749e+003		
5.700600e+002	1.588417e+003	1.588514e+003	1.588417e+003	1.588417e+003	1.588417e+003	1.588417e+003	1.588514e+003		
5.699600e+002	1.631584e+003	1.631659e+003	1.631584e+003	1.631584e+003	1.631584e+003	1.631584e+003	1.631659e+003		
5.698600e+002	1.637126e+003	1.637184e+003	1.637126e+003	1.637126e+003	1.637126e+003	1.637126e+003	1.637184e+003		
5.697600e+002	1.631292e+003	1.631337e+003	1.631292e+003	1.631292e+003	1.631292e+003	1.631292e+003	1.631337e+003		
5.696600e+002	1.611751e+003	1.611785e+003	1.611751e+003	1.611751e+003	1.611751e+003	1.611751e+003	1.611785e+003		
5.695600e+002	1.595709e+003	1.595735e+003	1.595709e+003	1.595709e+003	1.595709e+003	1.595709e+003	1.595735e+003		
5.694600e+002	1.640042e+003	1.640062e+003	1.640042e+003	1.640042e+003	1.640042e+003	1.640042e+003	1.640062e+003		
5.693600e+002	1.593376e+003	1.593391e+003	1.593376e+003	1.593376e+003	1.593376e+003	1.593376e+003	1.593391e+003		
5.692600e+002	1.605626e+003	1.605637e+003	1.605626e+003	1.605626e+003	1.605626e+003	1.605626e+003	1.605637e+003		
5.691600e+002	1.611751e+003	1.611760e+003	1.611751e+003	1.611751e+003	1.611751e+003	1.611751e+003	1.611760e+003		
5.690600e+002	1.639751e+003	1.639757e+003	1.639751e+003	1.639751e+003	1.639751e+003	1.639751e+003	1.639757e+003		
5.689600e+002	1.603292e+003	1.603297e+003	1.603292e+003	1.603292e+003	1.603292e+003	1.603292e+003	1.603297e+003		
5.688600e+002	1.596584e+003	1.596588e+003	1.596584e+003	1.596584e+003	1.596584e+003	1.596584e+003	1.596588e+003		
5.687600e+002	1.623417e+003	1.623420e+003	1.623417e+003	1.623417e+003	1.623417e+003	1.623417e+003	1.623420e+003		
5.686600e+002	1.612917e+003	1.612919e+003	1.612917e+003	1.612917e+003	1.612917e+003	1.612917e+003	1.612919e+003		
5.685600e+002	1.622251e+003	1.622252e+003	1.622251e+003	1.622251e+003	1.622251e+003	1.622251e+003	1.622252e+003		
5.684600e+002	1.613209e+003	1.613210e+003	1.613209e+003	1.613209e+003	1.613209e+003	1.613209e+003	1.613210e+003		
5.683600e+002	1.620792e+003	1.620793e+003	1.620792e+003	1.620792e+003	1.620792e+003	1.620792e+003	1.620793e+003		
5.682600e+002	1.610292e+003	1.610293e+003	1.610292e+003	1.610292e+003	1.610292e+003	1.610292e+003	1.610293e+003		
5.681600e+002	1.609709e+003	1.609709e+003	1.609709e+003	1.609709e+003	1.609709e+003	1.609709e+003	1.609709e+003		
5.680600e+002	1.613209e+003	1.613209e+003	1.613209e+003	1.613209e+003	1.613209e+003	1.613209e+003	1.613209e+003		
5.679600e+002	1.654626e+003	1.654626e+003	1.654626e+003	1.654626e+003	1.654626e+003	1.654626e+003	1.654626e+003		
5.678600e+002	1.640626e+003	1.640626e+003	1.640626e+003	1.640626e+003	1.640626e+003	1.640626e+003	1.640626e+003		
5.677600e+002	1.628084e+003	1.628084e+003	1.628084e+003	1.628084e+003	1.628084e+003	1.628084e+003	1.628084e+003		
5.676600e+002	1.621959e+003	1.621959e+003	1.621959e+003	1.621959e+003	1.621959e+003	1.621959e+003	1.621959e+003		
5.675600e+002	1.623417e+003	1.623417e+003	1.623417e+003	1.623417e+003	1.623417e+003	1.623417e+003	1.623417e+003		
5.674600e+002	1.634501e+003	1.634501e+003	1.634501e+003	1.634501e+003	1.634501e+003	1.634501e+003	1.634501e+003		
5.673600e+002	1.629251e+003	1.629251e+003	1.629251e+003	1.629251e+003	1.629251e+003	1.629251e+003	1.629251e+003		
5.672600e+002	1.599209e+003	1.599209e+003	1.599209e+003	1.599209e+003	1.599209e+003	1.599209e+003	1.599209e+003		
5.671600e+002	1.584334e+003	1.584334e+003	1.584334e+003	1.584334e+003	1.584334e+003	1.584334e+003	1.584334e+003		
5.670600e+002	1.605334e+003	1.605334e+003	1.605334e+003	1.605334e+003	1.605334e+003	1.605334e+003	1.605334e+003		
5.669600e+002	1.652001e+003	1.652001e+003	1.652001e+003	1.652001e+003	1.652001e+003	1.652001e+003	1.652001e+003		
5.668600e+002	1.621667e+003	1.621667e+003	1.621667e+003	1.621667e+003	1.621667e+003	1.621667e+003	1.621667e+003		
5.667600e+002	1.616126e+003	1.616126e+003	1.616126e+003	1.616126e+003	1.616126e+003	1.616126e+003	1.616126e+003		
5.666600e+002	1.600084e+003	1.600084e+003	1.600084e+003	1.600084e+003	1.600084e+003	1.600084e+003	1.600084e+003		
5.665600e+002	1.579959e+003	1.579959e+003	1.579959e+003	1.579959e+003	1.579959e+003	1.579959e+003	1.579959e+003		
5.664600e+002	1.590751e+003	1.590751e+003	1.590751e+003	1.590751e+003	1.590751e+003	1.590751e+003	1.590751e+003		
5.663600e+002	1.603876e+003	1.603876e+003	1.603876e+003	1.603876e+003	1.603876e+003	1.603876e+003	1.603876e+003		
5.662600e+002	1.603292e+003	1.603292e+003	1.603292e+003	1.603292e+003	1.603292e+003	1.603292e+003	1.603292e+003		
5.661600e+002	1.621959e+003	1.621959e+003	1.621959e+003	1.621959e+003	1.621959e+003	1.621959e+003	1.621959e+003		
5.660600e+002	1.606792e+003	1.606792e+003	1.606792e+003	1.606792e+003	1.606792e+003	1.606792e+003	1.606792e+003		
5.659600e+002	1.588417e+003	1.588417e+003	1.588417e+003	1.588417e+003	1.588417e+003	1.588417e+003	1.588417e+003		
5.658600e+002	1.619917e+003	1.619917e+003	1.619917e+003	1.619917e+003	1.619917e+003	1.619917e+003	1.619917e+003		
5.657600e+002	1.627501e+003	1.627501e+003	1.627501e+003	1.627501e+003	1.627501e+003	1.627501e+003	1.627501e+003		
5.656600e+002	1.598042e+003	1.598042e+003	1.598042e+003	1.598042e+003	1.598042e+003	1.598042e+003	1.598042e+003		
5.655600e+002	1.615834e+003	1.615834e+003	1.615834e+003	1.615834e+003	1.615834e+003	1.615834e+003	1.615834e+003		
5.654600e+002	1.594834e+003	1.594834e+003	1.594834e+003	1.594834e+003	1.594834e+003	1.594834e+003	1.594834e+003		
5.653600e+002	1.610292e+003	1.610292e+003	1.610292e+003	1.610292e+003	1.610292e+003	1.610292e+003	1.610292e+003		
5.652600e+002	1.595709e+003	1.595709e+003	1.595709e+003	1.595709e+003	1.595709e+003	1.595709e+003	1.595709e+003		
5.651600e+002	1.606792e+003	1.606792e+003	1.606792e+003	1.606792e+003	1.606792e+003	1.606792e+003	1.606792e+003		
5.650600e+002	1.619334e+003	1.619334e+003	1.619334e+003	1.619334e+003	1.619334e+003	1.619334e+003	1.619334e+003		
5.649600e+002	1.636251e+003	1.636251e+003	1.636251e+003	1.636251e+003	1.636251e+003	1.636251e+003	1.636251e+003		
5.648600e+002	1.607667e+003	1.607667e+003	1.607667e+003	1.607667e+003	1.607667e+003	1.607667e+003	1.607667e+003		
5.647600e+002	1.629251e+003	1.629251e+003	1.629251e+003	1.629251e+003	1.629251e+003	1.629251e+003	1.629251e+003		
5.646600e+002	1.606792e+003	1.606792e+003	1.606792e+003	1.606792e+003	1.606792e+003	1.606792e+003	1.606792e+003		
5.645600e+002	1.616417e+003	1.616417e+003	1.616417e+003	1.616417e+003	1.616417e+003	1.616417e+003	1.616417e+003		
5.644600e+002	1.619334e+003	1.619334e+003	1.619334e+003	1.619334e+003	1.619334e+003	1.619334e+003	1.619334e+003		
5.643600e+002	1.631584e+003	1.631584e+003	1.631584e+003	1.631584e+003	1.631584e+003	1.631584e+003	1.631584e+003		
5.642600e+002	1.646167e+003	1.646167e+003	1.646167e+003	1.646167e+003	1.646167e+003	1.646167e+003	1.646167e+003		
5.641600e+002	1.627209e+003	1.627209e+003	1.627209e+003	1.627209e+003	1.627209e+003	1.627209e+003	1.627209e+003		
5.640600e+002	1.636834e+003	1.636834e+003	1.636834e+003	1.636834e+003	1.636834e+003	1.636834e+003	1.636834e+003		
5.639600e+002	1.649667e+003	1.649667e+003	1.649667e+003	1.649667e+003	1.649667e+003	1.649667e+003	1.649667e+003		
5.638600e+002	1.639751e+003	1.639751e+003	1.639751e+003	1.639751e+003	1.639751e+003	1.639751e+003	1.639751e+003		
5.637600e+002	1.617001e+003	1.617001e+003	1.617001e+003	1.617001e+003	1.617001e+003	1.617001e+003	1.617001e+003		
5.636600e+002	1.607084e+003	1.607084e+003	1.607084e+003	1.607084e+003	1.607084e+003	1.607084e+003	1.607084e+003		
5.635600e+002	1.579959e+003	1.579959e+003	1.579959e+003	1.579959e+003	1.579959e+003	1.579959e+003	1.579959e+003		
5.634600e+002	1.612626e+003	1.612626e+003	1.612626e+003	1.612626e+003	1.612626e+003	1.612626e+003	1.612626e+003		
5.633600e+002	1.621084e+003	1.621084e+003	1.621084e+003	1.621084e+003	1.621084e+003	1.621084e+003	1.621084e+003		
5.632600e+002	1.629251e+003	1.629251e+003	1.629251e+003	1.629251e+003	1.629251e+003	1.629251e+003	1.629251e+003		
5.631600e+002	1.626626e+003	1.626626e+003	1.626626e+003	1.626626e+003	1.626626e+003	1.626626e+003	1.626626e+003		
5.630600e+002	1.629834e+003	1.629834e+003	1.629834e+003	1.629834e+003	1.629834e+003	1.629834e+003	1.629834e+003		
5.629600e+002	1.670667e+003	1.670667e+003	1.670667e+003	1.670667e+003	1.670667e+003	1.670667e+003	1.670667e+003		
5.628600e+002	1.653167e+003	1.653167e+003	1.653167e+003	1.653167e+003	1.653167e+003	1.653167e+003	1.653167e+003		
5.627600e+002	1.626626e+003	1.626626e+003	1.626626e+003	1.626626e+003	1.626626e+003	1.626626e+003	1.626626e+003		
5.626600e+002	1.612917e+003	1.612917e+003	1.612917e+003	1.612917e+003	1.612917e+003	1.612917e+003	1.612917e+003		
5.625600e+002	1.642084e+003	1.642084e+003	1.642084e+003	1.642084e+003	1.642084e+003	1.642084e+003	1.642084e+003		