Name		Cr 2p	Cr 2p	Cr 2p	Cr 2p				
Position		577.291	586.491	574.601	583.801				
FWHM		3.55593	3.55593	0.693579	0.693579				
Area		7282.3	3641.2	132.1	66.047				
Lineshape		GL(30)	GL(30)	GL(30)	GL(30)				

B.E.	Cycle 6:Cr 2p/53:CPS	Cr 2p/53:Cr 2p	Cr 2p/53:Cr 2p	Cr 2p/53:Cr 2p	Cr 2p/53:Cr 2p	Background	Envelope		
5.977200e+002	2.632584e+003	2.632584e+003	2.632584e+003	2.632584e+003	2.632584e+003	2.632584e+003	2.632584e+003		
5.976200e+002	2.612751e+003	2.612751e+003	2.612751e+003	2.612751e+003	2.612751e+003	2.612751e+003	2.612751e+003		
5.975200e+002	2.587084e+003	2.587084e+003	2.587084e+003	2.587084e+003	2.587084e+003	2.587084e+003	2.587084e+003		
5.974200e+002	2.572793e+003	2.572793e+003	2.572793e+003	2.572793e+003	2.572793e+003	2.572793e+003	2.572793e+003		
5.973200e+002	2.593209e+003	2.593209e+003	2.593209e+003	2.593209e+003	2.593209e+003	2.593209e+003	2.593209e+003		
5.972200e+002	2.648043e+003	2.648043e+003	2.648043e+003	2.648043e+003	2.648043e+003	2.648043e+003	2.648043e+003		
5.971200e+002	2.642209e+003	2.642209e+003	2.642209e+003	2.642209e+003	2.642209e+003	2.642209e+003	2.642209e+003		
5.970200e+002	2.634626e+003	2.634626e+003	2.634626e+003	2.634626e+003	2.634626e+003	2.634626e+003	2.634626e+003		
5.969200e+002	2.604876e+003	2.604876e+003	2.604876e+003	2.604876e+003	2.604876e+003	2.604876e+003	2.604876e+003		
5.968200e+002	2.600793e+003	2.600793e+003	2.600793e+003	2.600793e+003	2.600793e+003	2.600793e+003	2.600793e+003		
5.967200e+002	2.590293e+003	2.590293e+003	2.590293e+003	2.590293e+003	2.590293e+003	2.590293e+003	2.590293e+003		
5.966200e+002	2.611293e+003	2.611293e+003	2.611293e+003	2.611293e+003	2.611293e+003	2.611293e+003	2.611293e+003		
5.965200e+002	2.620334e+003	2.620334e+003	2.620334e+003	2.620334e+003	2.620334e+003	2.620334e+003	2.620334e+003		
5.964200e+002	2.622376e+003	2.622376e+003	2.622376e+003	2.622376e+003	2.622376e+003	2.622376e+003	2.622376e+003		
5.963200e+002	2.576876e+003	2.576876e+003	2.576876e+003	2.576876e+003	2.576876e+003	2.576876e+003	2.576876e+003		
5.962200e+002	2.574251e+003	2.574251e+003	2.574251e+003	2.574251e+003	2.574251e+003	2.574251e+003	2.574251e+003		
5.961200e+002	2.571918e+003	2.571918e+003	2.571918e+003	2.571918e+003	2.571918e+003	2.571918e+003	2.571918e+003		
5.960200e+002	2.594084e+003	2.594084e+003	2.594085e+003	2.594084e+003	2.594084e+003	2.594084e+003	2.594085e+003		
5.959200e+002	2.579793e+003	2.579793e+003	2.579793e+003	2.579793e+003	2.579793e+003	2.579793e+003	2.579793e+003		
5.958200e+002	2.578626e+003	2.578626e+003	2.578627e+003	2.578626e+003	2.578626e+003	2.578626e+003	2.578627e+003		
5.957200e+002	2.543918e+003	2.543918e+003	2.543918e+003	2.543918e+003	2.543918e+003	2.543918e+003	2.543918e+003		
5.956200e+002	2.573084e+003	2.573084e+003	2.573085e+003	2.573084e+003	2.573084e+003	2.573084e+003	2.573085e+003		
5.955200e+002	2.550918e+003	2.550918e+003	2.550919e+003	2.550918e+003	2.550918e+003	2.550918e+003	2.550919e+003		
5.954200e+002	2.554709e+003	2.554709e+003	2.554711e+003	2.554709e+003	2.554709e+003	2.554709e+003	2.554711e+003		
5.953200e+002	2.547709e+003	2.547709e+003	2.547711e+003	2.547709e+003	2.547709e+003	2.547709e+003	2.547711e+003		
5.952200e+002	2.558209e+003	2.558209e+003	2.558212e+003	2.558209e+003	2.558209e+003	2.558209e+003	2.558212e+003		
5.951200e+002	2.537209e+003	2.537209e+003	2.537213e+003	2.537209e+003	2.537209e+003	2.537209e+003	2.537213e+003		
5.950200e+002	2.521168e+003	2.521168e+003	2.521172e+003	2.521168e+003	2.521168e+003	2.521168e+003	2.521172e+003		
5.949200e+002	2.498418e+003	2.498418e+003	2.498423e+003	2.498418e+003	2.498418e+003	2.498418e+003	2.498423e+003		
5.948200e+002	2.474209e+003	2.474209e+003	2.474216e+003	2.474209e+003	2.474209e+003	2.474209e+003	2.474216e+003		
5.947200e+002	2.520293e+003	2.520293e+003	2.520302e+003	2.520293e+003	2.520293e+003	2.520293e+003	2.520302e+003		
5.946200e+002	2.519126e+003	2.519126e+003	2.519138e+003	2.519126e+003	2.519126e+003	2.519126e+003	2.519138e+003		
5.945200e+002	2.523501e+003	2.523501e+003	2.523516e+003	2.523501e+003	2.523501e+003	2.523501e+003	2.523516e+003		
5.944200e+002	2.506584e+003	2.506584e+003	2.506604e+003	2.506584e+003	2.506584e+003	2.506584e+003	2.506604e+003		
5.943200e+002	2.547418e+003	2.547418e+003	2.547443e+003	2.547418e+003	2.547418e+003	2.547418e+003	2.547443e+003		
5.942200e+002	2.537501e+003	2.537501e+003	2.537533e+003	2.537501e+003	2.537501e+003	2.537501e+003	2.537533e+003		
5.941200e+002	2.551209e+003	2.551209e+003	2.551250e+003	2.551209e+003	2.551209e+003	2.551209e+003	2.551250e+003		
5.940200e+002	2.495793e+003	2.495793e+003	2.495844e+003	2.495793e+003	2.495793e+003	2.495793e+003	2.495844e+003		
5.939200e+002	2.497251e+003	2.497251e+003	2.497316e+003	2.497251e+003	2.497251e+003	2.497251e+003	2.497316e+003		
5.938200e+002	2.487334e+003	2.487334e+003	2.487416e+003	2.487334e+003	2.487334e+003	2.487334e+003	2.487416e+003		
5.937200e+002	2.499584e+003	2.499584e+003	2.499687e+003	2.499584e+003	2.499584e+003	2.499584e+003	2.499687e+003		
5.936200e+002	2.505709e+003	2.505709e+003	2.505837e+003	2.505709e+003	2.505709e+003	2.505709e+003	2.505837e+003		
5.935200e+002	2.523793e+003	2.523793e+003	2.523953e+003	2.523793e+003	2.523793e+003	2.523793e+003	2.523953e+003		
5.934200e+002	2.521168e+003	2.521168e+003	2.521367e+003	2.521168e+003	2.521168e+003	2.521168e+003	2.521367e+003		
5.933200e+002	2.491126e+003	2.491126e+003	2.491375e+003	2.491126e+003	2.491126e+003	2.491126e+003	2.491375e+003		
5.932200e+002	2.477126e+003	2.477126e+003	2.477435e+003	2.477126e+003	2.477126e+003	2.477126e+003	2.477435e+003		
5.931200e+002	2.503959e+003	2.503959e+003	2.504342e+003	2.503959e+003	2.503959e+003	2.503959e+003	2.504342e+003		
5.930200e+002	2.473043e+003	2.473043e+003	2.473515e+003	2.473043e+003	2.473043e+003	2.473043e+003	2.473515e+003		
5.929200e+002	2.480626e+003	2.480626e+003	2.481208e+003	2.480626e+003	2.480626e+003	2.480626e+003	2.481208e+003		
5.928200e+002	2.500751e+003	2.500751e+003	2.501466e+003	2.500751e+003	2.500751e+003	2.500751e+003	2.501466e+003		
5.927200e+002	2.504543e+003	2.504543e+003	2.505418e+003	2.504543e+003	2.504543e+003	2.504543e+003	2.505418e+003		
5.926200e+002	2.473918e+003	2.473918e+003	2.474986e+003	2.473918e+003	2.473918e+003	2.473918e+003	2.474986e+003		
5.925200e+002	2.438043e+003	2.438043e+003	2.439344e+003	2.438043e+003	2.438043e+003	2.438043e+003	2.439344e+003		
5.924200e+002	2.444459e+003	2.444459e+003	2.446040e+003	2.444459e+003	2.444459e+003	2.444459e+003	2.446040e+003		
5.923200e+002	2.483251e+003	2.483251e+003	2.485165e+003	2.483251e+003	2.483251e+003	2.483251e+003	2.485165e+003		
5.922200e+002	2.455251e+003	2.455251e+003	2.457565e+003	2.455251e+003	2.455251e+003	2.455251e+003	2.457565e+003		
5.921200e+002	2.507168e+003	2.507168e+003	2.509960e+003	2.507168e+003	2.507168e+003	2.507168e+003	2.509960e+003		
5.920200e+002	2.506584e+003	2.506584e+003	2.509945e+003	2.506584e+003	2.506584e+003	2.506584e+003	2.509945e+003		
5.919200e+002	2.485001e+003	2.485001e+003	2.489034e+003	2.485001e+003	2.485001e+003	2.485001e+003	2.489034e+003		
5.918200e+002	2.471584e+003	2.471584e+003	2.476411e+003	2.471584e+003	2.471584e+003	2.471584e+003	2.476411e+003		
5.917200e+002	2.460793e+003	2.460793e+003	2.466553e+003	2.460793e+003	2.460793e+003	2.460793e+003	2.466553e+003		
5.916200e+002	2.459334e+003	2.459334e+003	2.466189e+003	2.459334e+003	2.459334e+003	2.459334e+003	2.466189e+003		
5.915200e+002	2.502793e+003	2.502793e+003	2.510927e+003	2.502793e+003	2.502793e+003	2.502793e+003	2.510927e+003		
5.914200e+002	2.457876e+003	2.457876e+003	2.467503e+003	2.457876e+003	2.457876e+003	2.457876e+003	2.467503e+003		
5.913200e+002	2.463709e+003	2.463709e+003	2.475071e+003	2.463709e+003	2.463709e+003	2.463709e+003	2.475071e+003		
5.912200e+002	2.448251e+003	2.448251e+003	2.461624e+003	2.448251e+003	2.448251e+003	2.448251e+003	2.461624e+003		
5.911200e+002	2.474501e+003	2.474501e+003	2.490197e+003	2.474501e+003	2.474501e+003	2.474501e+003	2.490197e+003		
5.910200e+002	2.446209e+003	2.446209e+003	2.464589e+003	2.446209e+003	2.446209e+003	2.446209e+003	2.464589e+003		
5.909200e+002	2.461084e+003	2.461084e+003	2.482572e+003	2.461084e+003	2.461084e+003	2.461084e+003	2.482572e+003		
5.908200e+002	2.456418e+003	2.454753e+003	2.479803e+003	2.454753e+003	2.454753e+003	2.454753e+003	2.479803e+003		
5.907200e+002	2.446793e+003	2.454695e+003	2.483816e+003	2.454695e+003	2.454695e+003	2.454695e+003	2.483816e+003		
5.906200e+002	2.460209e+003	2.454654e+003	2.488411e+003	2.454654e+003	2.454654e+003	2.454654e+003	2.488411e+003		
5.905200e+002	2.465459e+003	2.454575e+003	2.493596e+003	2.454575e+003	2.454575e+003	2.454575e+003	2.493596e+003		
5.904200e+002	2.552084e+003	2.453856e+003	2.498834e+003	2.453856e+003	2.453856e+003	2.453856e+003	2.498834e+003		
5.903200e+002	2.541293e+003	2.453211e+003	2.504911e+003	2.453211e+003	2.453211e+003	2.453211e+003	2.504911e+003		
5.902200e+002	2.513001e+003	2.452770e+003	2.512029e+003	2.452770e+003	2.452770e+003	2.452770e+003	2.512029e+003		
5.901200e+002	2.497543e+003	2.452440e+003	2.520170e+003	2.452440e+003	2.452440e+003	2.452440e+003	2.520170e+003		
5.900200e+002	2.542168e+003	2.451779e+003	2.528973e+003	2.451779e+003	2.451779e+003	2.451779e+003	2.528973e+003		
5.899200e+002	2.589709e+003	2.450762e+003	2.538492e+003	2.450762e+003	2.450762e+003	2.450762e+003	2.538492e+003		
5.898200e+002	2.608084e+003	2.449602e+003	2.549023e+003	2.449602e+003	2.449602e+003	2.449602e+003	2.549023e+003		
5.897200e+002	2.573084e+003	2.448691e+003	2.561124e+003	2.448691e+003	2.448691e+003	2.448691e+003	2.561124e+003		
5.896200e+002	2.562293e+003	2.447854e+003	2.574629e+003	2.447854e+003	2.447854e+003	2.447854e+003	2.574629e+003		
5.895200e+002	2.593209e+003	2.446782e+003	2.589299e+003	2.446782e+003	2.446782e+003	2.446782e+003	2.589299e+003		
5.894200e+002	2.650376e+003	2.445281e+003	2.605009e+003	2.445281e+003	2.445281e+003	2.445281e+003	2.605009e+003		
5.893200e+002	2.658543e+003	2.443709e+003	2.622182e+003	2.443709e+003	2.443709e+003	2.443709e+003	2.622182e+003		
5.892200e+002	2.738168e+003	2.441538e+003	2.640343e+003	2.441538e+003	2.441538e+003	2.441538e+003	2.640343e+003		
5.891200e+002	2.691793e+003	2.439693e+003	2.660460e+003	2.439693e+003	2.439693e+003	2.439693e+003	2.660460e+003		
5.890200e+002	2.757126e+003	2.437353e+003	2.681738e+003	2.437353e+003	2.437353e+003	2.437353e+003	2.681738e+003		
5.889200e+002	2.777834e+003	2.434842e+003	2.704515e+003	2.434842e+003	2.434842e+003	2.434842e+003	2.704515e+003		
5.888200e+002	2.770834e+003	2.432365e+003	2.728985e+003	2.432365e+003	2.432365e+003	2.432365e+003	2.728985e+003		
5.887200e+002	2.822751e+003	2.429487e+003	2.754684e+003	2.429487e+003	2.429487e+003	2.429487e+003	2.754684e+003		
5.886200e+002	2.867085e+003	2.426261e+003	2.781610e+003	2.426261e+003	2.426261e+003	2.426261e+003	2.781610e+003		
5.885200e+002	2.848126e+003	2.423151e+003	2.810209e+003	2.423151e+003	2.423151e+003	2.423151e+003	2.810209e+003		
5.884200e+002	2.849876e+003	2.420004e+003	2.840168e+003	2.420004e+003	2.420004e+003	2.420004e+003	2.840168e+003		
5.883200e+002	2.885460e+003	2.416573e+003	2.871054e+003	2.416573e+003	2.416573e+003	2.416573e+003	2.871054e+003		
5.882200e+002	2.943501e+003	2.412688e+003	2.902516e+003	2.412688e+003	2.412688e+003	2.412688e+003	2.902516e+003		
5.881200e+002	3.004751e+003	2.408323e+003	2.934310e+003	2.408323e+003	2.408323e+003	2.408323e+003	2.934310e+003		
5.880200e+002	3.082918e+003	2.403349e+003	2.966059e+003	2.403349e+003	2.403349e+003	2.403349e+003	2.966059e+003		
5.879200e+002	3.053460e+003	2.398556e+003	2.998268e+003	2.398556e+003	2.398556e+003	2.398556e+003	2.998268e+003		
5.878200e+002	3.127251e+003	2.393184e+003	3.029863e+003	2.393184e+003	2.393184e+003	2.393184e+003	3.029863e+003		
5.877200e+002	3.204251e+003	2.387204e+003	3.060475e+003	2.387204e+003	2.387204e+003	2.387204e+003	3.060475e+003		
5.876200e+002	3.204543e+003	2.381178e+003	3.090299e+003	2.381178e+003	2.381178e+003	2.381178e+003	3.090300e+003		
5.875200e+002	3.210668e+003	2.375063e+003	3.118910e+003	2.375063e+003	2.375063e+003	2.375063e+003	3.118910e+003		
5.874200e+002	3.232835e+003	2.368739e+003	3.145793e+003	2.368739e+003	2.368739e+003	2.368739e+003	3.145793e+003		
5.873200e+002	3.238376e+003	2.362327e+003	3.170602e+003	2.362327e+003	2.362327e+003	2.362327e+003	3.170602e+003		
5.872200e+002	3.257043e+003	2.355731e+003	3.192778e+003	2.355731e+003	2.355731e+003	2.355731e+003	3.192778e+003		
5.871200e+002	3.324710e+003	2.348587e+003	3.211659e+003	2.348587e+003	2.348587e+003	2.348587e+003	3.211659e+003		
5.870200e+002	3.311293e+003	2.341490e+003	3.227482e+003	2.341489e+003	2.341489e+003	2.341489e+003	3.227482e+003		
5.869200e+002	3.279793e+003	2.334572e+003	3.240056e+003	2.334572e+003	2.334572e+003	2.334572e+003	3.240056e+003		
5.868200e+002	3.307793e+003	2.327397e+003	3.248660e+003	2.327396e+003	2.327396e+003	2.327396e+003	3.248660e+003		
5.867200e+002	3.290585e+003	2.320296e+003	3.253391e+003	2.320295e+003	2.320295e+003	2.320295e+003	3.253391e+003		
5.866200e+002	3.244793e+003	2.313480e+003	3.254280e+003	2.313479e+003	2.313479e+003	2.313479e+003	3.254281e+003		
5.865200e+002	3.253835e+003	2.306548e+003	3.250807e+003	2.306546e+003	2.306546e+003	2.306546e+003	3.250809e+003		
5.864200e+002	3.198710e+003	2.299971e+003	3.243390e+003	2.299969e+003	2.299969e+003	2.299969e+003	3.243392e+003		
5.863200e+002	3.197543e+003	2.293354e+003	3.231645e+003	2.293351e+003	2.293351e+003	2.293351e+003	3.231647e+003		
5.862200e+002	3.131335e+003	2.287176e+003	3.216127e+003	2.287173e+003	2.287173e+003	2.287173e+003	3.216130e+003		
5.861200e+002	3.117918e+003	2.281052e+003	3.196552e+003	2.281049e+003	2.281049e+003	2.281049e+003	3.196556e+003		
5.860200e+002	3.101876e+003	2.275002e+003	3.172965e+003	2.274997e+003	2.274997e+003	2.274997e+003	3.172970e+003		
5.859200e+002	3.073001e+003	2.269120e+003	3.145967e+003	2.269114e+003	2.269114e+003	2.269114e+003	3.145974e+003		
5.858200e+002	3.083210e+003	2.263120e+003	3.115577e+003	2.263112e+003	2.263112e+003	2.263112e+003	3.115586e+003		
5.857200e+002	3.055793e+003	2.257278e+003	3.082414e+003	2.257267e+003	2.257267e+003	2.257267e+003	3.082425e+003		
5.856200e+002	2.972376e+003	2.252009e+003	3.047262e+003	2.251995e+003	2.251995e+003	2.251995e+003	3.047277e+003		
5.855200e+002	2.928918e+003	2.247023e+003	3.010220e+003	2.247005e+003	2.247005e+003	2.247005e+003	3.010239e+003		
5.854200e+002	2.860960e+003	2.242502e+003	2.971869e+003	2.242478e+003	2.242479e+003	2.242478e+003	2.971893e+003		
5.853200e+002	2.886043e+003	2.237764e+003	2.931924e+003	2.237733e+003	2.237736e+003	2.237733e+003	2.931957e+003		
5.852200e+002	2.835293e+003	2.233367e+003	2.891336e+003	2.233328e+003	2.233336e+003	2.233328e+003	2.891383e+003		
5.851200e+002	2.750126e+003	2.229567e+003	2.850737e+003	2.229518e+003	2.229544e+003	2.229518e+003	2.850814e+003		
5.850200e+002	2.752751e+003	2.225724e+003	2.809844e+003	2.225660e+003	2.225738e+003	2.225660e+003	2.809985e+003		
5.849200e+002	2.739918e+003	2.221949e+003	2.769101e+003	2.221869e+003	2.222080e+003	2.221869e+003	2.769393e+003		
5.848200e+002	2.734668e+003	2.218190e+003	2.728799e+003	2.218088e+003	2.218627e+003	2.218088e+003	2.729440e+003		
5.847200e+002	2.727084e+003	2.214464e+003	2.689221e+003	2.214335e+003	2.215610e+003	2.214335e+003	2.690625e+003		
5.846200e+002	2.649501e+003	2.211290e+003	2.651112e+003	2.211127e+003	2.213954e+003	2.211127e+003	2.654102e+003		
5.845200e+002	2.604293e+003	2.208433e+003	2.614437e+003	2.208228e+003	2.214050e+003	2.208228e+003	2.620463e+003		
5.844200e+002	2.532251e+003	2.206096e+003	2.579561e+003	2.205840e+003	2.217006e+003	2.205840e+003	2.590983e+003		
5.843200e+002	2.506584e+003	2.203942e+003	2.546278e+003	2.203622e+003	2.223449e+003	2.203622e+003	2.566424e+003		
5.842200e+002	2.503084e+003	2.201814e+003	2.514528e+003	2.201414e+003	2.233879e+003	2.201414e+003	2.547391e+003		
5.841200e+002	2.424918e+003	2.200264e+003	2.484935e+003	2.199767e+003	2.248411e+003	2.199767e+003	2.534077e+003		
5.840200e+002	2.420251e+003	2.198759e+003	2.457007e+003	2.198141e+003	2.264244e+003	2.198141e+003	2.523728e+003		
5.839200e+002	2.440084e+003	2.197123e+003	2.430587e+003	2.196357e+003	2.277005e+003	2.196357e+003	2.512000e+003		
5.838200e+002	2.402751e+003	2.195781e+003	2.406096e+003	2.194836e+003	2.282495e+003	2.194836e+003	2.494701e+003		
5.837200e+002	2.361043e+003	2.194775e+003	2.383550e+003	2.193610e+003	2.278063e+003	2.193610e+003	2.469168e+003		
5.836200e+002	2.348793e+003	2.193896e+003	2.362771e+003	2.192466e+003	2.264810e+003	2.192466e+003	2.436544e+003		
5.835200e+002	2.382043e+003	2.192819e+003	2.343343e+003	2.191069e+003	2.246493e+003	2.191069e+003	2.400517e+003		
5.834200e+002	2.405668e+003	2.191624e+003	2.325234e+003	2.189486e+003	2.227849e+003	2.189486e+003	2.365734e+003		
5.833200e+002	2.361626e+003	2.190820e+003	2.308874e+003	2.188217e+003	2.212445e+003	2.188217e+003	2.335705e+003		
5.832200e+002	2.294834e+003	2.190592e+003	2.294360e+003	2.187431e+003	2.201495e+003	2.187431e+003	2.311584e+003		
5.831200e+002	2.309709e+003	2.190357e+003	2.281017e+003	2.186530e+003	2.194083e+003	2.186530e+003	2.292398e+003		
5.830200e+002	2.357834e+003	2.189894e+003	2.268517e+003	2.185267e+003	2.189034e+003	2.185267e+003	2.276912e+003		
5.829200e+002	2.321959e+003	2.189844e+003	2.257397e+003	2.184259e+003	2.186008e+003	2.184259e+003	2.264730e+003		
5.828200e+002	2.286084e+003	2.190230e+003	2.247577e+003	2.183508e+003	2.184266e+003	2.183508e+003	2.255057e+003		
5.827200e+002	2.299209e+003	2.190722e+003	2.238618e+003	2.182655e+003	2.182961e+003	2.182655e+003	2.246990e+003		
5.826200e+002	2.284626e+003	2.191557e+003	2.230646e+003	2.181903e+003	2.182019e+003	2.181903e+003	2.240415e+003		
5.825200e+002	2.309418e+003	2.192483e+003	2.223295e+003	2.180963e+003	2.181004e+003	2.180963e+003	2.234855e+003		
5.824200e+002	2.307084e+003	2.193742e+003	2.216708e+003	2.180033e+003	2.180047e+003	2.180033e+003	2.230430e+003		
5.823200e+002	2.318751e+003	2.195280e+003	2.210722e+003	2.179011e+003	2.179015e+003	2.179011e+003	2.226995e+003		
5.822200e+002	2.296584e+003	2.197397e+003	2.205488e+003	2.178144e+003	2.178145e+003	2.178144e+003	2.224742e+003		
5.821200e+002	2.262751e+003	2.200243e+003	2.201034e+003	2.177520e+003	2.177520e+003	2.177520e+003	2.223757e+003		
5.820200e+002	2.251959e+003	2.203716e+003	2.197135e+003	2.176971e+003	2.176971e+003	2.176971e+003	2.223880e+003		
5.819200e+002	2.267126e+003	2.207699e+003	2.193550e+003	2.176307e+003	2.176307e+003	2.176307e+003	2.224943e+003		
5.818200e+002	2.250793e+003	2.212517e+003	2.190463e+003	2.175757e+003	2.175757e+003	2.175757e+003	2.227223e+003		
5.817200e+002	2.251959e+003	2.218172e+003	2.187702e+003	2.175196e+003	2.175196e+003	2.175196e+003	2.230678e+003		
5.816200e+002	2.272084e+003	2.224582e+003	2.185088e+003	2.174481e+003	2.174481e+003	2.174481e+003	2.235189e+003		
5.815200e+002	2.297751e+003	2.231814e+003	2.182542e+003	2.173572e+003	2.173572e+003	2.173572e+003	2.240784e+003		
5.814200e+002	2.331293e+003	2.239924e+003	2.179974e+003	2.172410e+003	2.172410e+003	2.172410e+003	2.247488e+003		
5.813200e+002	2.265376e+003	2.249766e+003	2.178085e+003	2.171724e+003	2.171724e+003	2.171724e+003	2.256127e+003		
5.812200e+002	2.293376e+003	2.260785e+003	2.176162e+003	2.170827e+003	2.170827e+003	2.170827e+003	2.266120e+003		
5.811200e+002	2.360459e+003	2.272829e+003	2.173899e+003	2.169429e+003	2.169429e+003	2.169429e+003	2.277299e+003		
5.810200e+002	2.365126e+003	2.286503e+003	2.171721e+003	2.167986e+003	2.167986e+003	2.167986e+003	2.290238e+003		
5.809200e+002	2.364834e+003	2.301995e+003	2.169647e+003	2.166535e+003	2.166535e+003	2.166535e+003	2.305108e+003		
5.808200e+002	2.312626e+003	2.319846e+003	2.168044e+003	2.165458e+003	2.165458e+003	2.165458e+003	2.322432e+003		
5.807200e+002	2.384376e+003	2.339305e+003	2.165987e+003	2.163844e+003	2.163844e+003	2.163844e+003	2.341448e+003		
5.806200e+002	2.410626e+003	2.360866e+003	2.163796e+003	2.162024e+003	2.162024e+003	2.162024e+003	2.362638e+003		
5.805200e+002	2.406251e+003	2.385090e+003	2.161683e+003	2.160223e+003	2.160223e+003	2.160223e+003	2.386550e+003		
5.804200e+002	2.427251e+003	2.411804e+003	2.159454e+003	2.158255e+003	2.158255e+003	2.158255e+003	2.413004e+003		
5.803200e+002	2.429293e+003	2.441289e+003	2.157239e+003	2.156256e+003	2.156256e+003	2.156256e+003	2.442272e+003		
5.802200e+002	2.466918e+003	2.473422e+003	2.154769e+003	2.153966e+003	2.153966e+003	2.153966e+003	2.474226e+003		
5.801200e+002	2.516793e+003	2.508237e+003	2.151945e+003	2.151291e+003	2.151291e+003	2.151291e+003	2.508892e+003		
5.800200e+002	2.534293e+003	2.546078e+003	2.148999e+003	2.148467e+003	2.148467e+003	2.148467e+003	2.546610e+003		
5.799200e+002	2.575418e+003	2.586853e+003	2.145751e+003	2.145319e+003	2.145319e+003	2.145319e+003	2.587284e+003		
5.798200e+002	2.608376e+003	2.630676e+003	2.142255e+003	2.141905e+003	2.141905e+003	2.141905e+003	2.631026e+003		
5.797200e+002	2.683626e+003	2.677256e+003	2.138194e+003	2.137911e+003	2.137911e+003	2.137911e+003	2.677539e+003		
5.796200e+002	2.724168e+003	2.726828e+003	2.133816e+003	2.133589e+003	2.133589e+003	2.133589e+003	2.727056e+003		
5.795200e+002	2.741668e+003	2.779500e+003	2.129288e+003	2.129106e+003	2.129106e+003	2.129106e+003	2.779682e+003		
5.794200e+002	2.817501e+003	2.834728e+003	2.124177e+003	2.124030e+003	2.124030e+003	2.124030e+003	2.834874e+003		
5.793200e+002	2.852793e+003	2.892774e+003	2.118774e+003	2.118657e+003	2.118657e+003	2.118657e+003	2.892891e+003		
5.792200e+002	2.924543e+003	2.953043e+003	2.112809e+003	2.112716e+003	2.112716e+003	2.112716e+003	2.953136e+003		
5.791200e+002	2.956918e+003	3.015453e+003	2.106566e+003	2.106492e+003	2.106492e+003	2.106492e+003	3.015527e+003		
5.790200e+002	2.999793e+003	3.079561e+003	2.099964e+003	2.099906e+003	2.099906e+003	2.099906e+003	3.079619e+003		
5.789200e+002	3.079126e+003	3.144661e+003	2.092732e+003	2.092686e+003	2.092686e+003	2.092686e+003	3.144707e+003		
5.788200e+002	3.106251e+003	3.210633e+003	2.085250e+003	2.085214e+003	2.085214e+003	2.085214e+003	3.210669e+003		
5.787200e+002	3.166335e+003	3.276665e+003	2.077271e+003	2.077243e+003	2.077243e+003	2.077243e+003	3.276694e+003		
5.786200e+002	3.268710e+003	3.341816e+003	2.068481e+003	2.068458e+003	2.068458e+003	2.068458e+003	3.341838e+003		
5.785200e+002	3.386835e+003	3.405279e+003	2.058756e+003	2.058738e+003	2.058738e+003	2.058738e+003	3.405297e+003		
5.784200e+002	3.407251e+003	3.467038e+003	2.048810e+003	2.048796e+003	2.048796e+003	2.048796e+003	3.467052e+003		
5.783200e+002	3.500293e+003	3.525790e+003	2.038106e+003	2.038095e+003	2.038095e+003	2.038095e+003	3.525801e+003		
5.782200e+002	3.512835e+003	3.581331e+003	2.027230e+003	2.027222e+003	2.027222e+003	2.027222e+003	3.581339e+003		
5.781200e+002	3.585751e+003	3.632280e+003	2.015738e+003	2.015732e+003	2.015732e+003	2.015732e+003	3.632287e+003		
5.780200e+002	3.660418e+003	3.677699e+003	2.003611e+003	2.003606e+003	2.003606e+003	2.003606e+003	3.677704e+003		
5.779200e+002	3.656627e+003	3.717562e+003	1.991422e+003	1.991419e+003	1.991419e+003	1.991419e+003	3.717566e+003		
5.778200e+002	3.721960e+003	3.750645e+003	1.978663e+003	1.978660e+003	1.978660e+003	1.978660e+003	3.750648e+003		
5.777200e+002	3.768918e+003	3.776429e+003	1.965463e+003	1.965461e+003	1.965461e+003	1.965461e+003	3.776431e+003		
5.776200e+002	3.765710e+003	3.794715e+003	1.952190e+003	1.952188e+003	1.952188e+003	1.952188e+003	3.794717e+003		
5.775200e+002	3.755502e+003	3.805084e+003	1.938894e+003	1.938893e+003	1.938893e+003	1.938893e+003	3.805085e+003		
5.774200e+002	3.752585e+003	3.807123e+003	1.925522e+003	1.925521e+003	1.925521e+003	1.925521e+003	3.807124e+003		
5.773200e+002	3.757252e+003	3.800538e+003	1.912017e+003	1.912017e+003	1.912017e+003	1.912017e+003	3.800539e+003		
5.772200e+002	3.732460e+003	3.785438e+003	1.898596e+003	1.898595e+003	1.898595e+003	1.898595e+003	3.785439e+003		
5.771200e+002	3.790793e+003	3.761232e+003	1.884645e+003	1.884645e+003	1.884645e+003	1.884645e+003	3.761232e+003		
5.770200e+002	3.780877e+003	3.728572e+003	1.870665e+003	1.870664e+003	1.870664e+003	1.870664e+003	3.728573e+003		
5.769200e+002	3.732752e+003	3.687943e+003	1.856936e+003	1.856936e+003	1.856936e+003	1.856936e+003	3.687943e+003		
5.768200e+002	3.743835e+003	3.638961e+003	1.843025e+003	1.843024e+003	1.843024e+003	1.843024e+003	3.638962e+003		
5.767200e+002	3.714377e+003	3.582935e+003	1.829228e+003	1.829228e+003	1.829228e+003	1.829228e+003	3.582935e+003		
5.766200e+002	3.613168e+003	3.521007e+003	1.816075e+003	1.816075e+003	1.816075e+003	1.816075e+003	3.521007e+003		
5.765200e+002	3.571751e+003	3.453425e+003	1.803131e+003	1.803131e+003	1.803131e+003	1.803131e+003	3.453425e+003		
5.764200e+002	3.525960e+003	3.380964e+003	1.790429e+003	1.790429e+003	1.790429e+003	1.790429e+003	3.380964e+003		
5.763200e+002	3.365543e+003	3.305249e+003	1.778817e+003	1.778817e+003	1.778817e+003	1.778817e+003	3.305249e+003		
5.762200e+002	3.272793e+003	3.226584e+003	1.767802e+003	1.767803e+003	1.767802e+003	1.767802e+003	3.226585e+003		
5.761200e+002	3.171585e+003	3.145834e+003	1.757452e+003	1.757458e+003	1.757452e+003	1.757452e+003	3.145839e+003		
5.760200e+002	3.122876e+003	3.063401e+003	1.747386e+003	1.747403e+003	1.747386e+003	1.747386e+003	3.063418e+003		
5.759200e+002	2.943210e+003	2.981008e+003	1.738569e+003	1.738623e+003	1.738569e+003	1.738569e+003	2.981062e+003		
5.758200e+002	2.876418e+003	2.898548e+003	1.730180e+003	1.730336e+003	1.730180e+003	1.730180e+003	2.898703e+003		
5.757200e+002	2.788918e+003	2.816840e+003	1.722375e+003	1.722797e+003	1.722375e+003	1.722375e+003	2.817263e+003		
5.756200e+002	2.670793e+003	2.736805e+003	1.715382e+003	1.716460e+003	1.715382e+003	1.715382e+003	2.737882e+003		
5.755200e+002	2.584751e+003	2.658744e+003	1.708973e+003	1.711522e+003	1.708973e+003	1.708973e+003	2.661294e+003		
5.754200e+002	2.555001e+003	2.582706e+003	1.702735e+003	1.708388e+003	1.702735e+003	1.702735e+003	2.588359e+003		
5.753200e+002	2.517668e+003	2.509144e+003	1.696727e+003	1.708370e+003	1.696727e+003	1.696727e+003	2.520787e+003		
5.752200e+002	2.456709e+003	2.438566e+003	1.691124e+003	1.713456e+003	1.691124e+003	1.691124e+003	2.460898e+003		
5.751200e+002	2.420834e+003	2.371055e+003	1.685744e+003	1.725398e+003	1.685744e+003	1.685744e+003	2.410708e+003		
5.750200e+002	2.424918e+003	2.306521e+003	1.680294e+003	1.745223e+003	1.680294e+003	1.680294e+003	2.371450e+003		
5.749200e+002	2.404209e+003	2.245293e+003	1.674957e+003	1.772246e+003	1.674957e+003	1.674957e+003	2.342582e+003		
5.748200e+002	2.368043e+003	2.187579e+003	1.669847e+003	1.802053e+003	1.669847e+003	1.669847e+003	2.319785e+003		
5.747200e+002	2.367751e+003	2.133161e+003	1.664702e+003	1.825997e+003	1.664702e+003	1.664702e+003	2.294456e+003		
5.746200e+002	2.306501e+003	2.082490e+003	1.659970e+003	1.835289e+003	1.659970e+003	1.659970e+003	2.257809e+003		
5.745200e+002	2.220168e+003	2.035720e+003	1.655840e+003	1.824746e+003	1.655840e+003	1.655840e+003	2.204626e+003		
5.744200e+002	2.125668e+003	1.992985e+003	1.652376e+003	1.797064e+003	1.652376e+003	1.652376e+003	2.137673e+003		
5.743200e+002	2.100876e+003	1.953618e+003	1.649070e+003	1.759918e+003	1.649070e+003	1.649070e+003	2.064466e+003		
5.742200e+002	2.041668e+003	1.917670e+003	1.646175e+003	1.722900e+003	1.646175e+003	1.646175e+003	1.994394e+003		
5.741200e+002	1.946001e+003	1.885278e+003	1.643965e+003	1.692421e+003	1.643965e+003	1.643965e+003	1.933734e+003		
5.740200e+002	1.849751e+003	1.856305e+003	1.642447e+003	1.670574e+003	1.642447e+003	1.642447e+003	1.884432e+003		
5.739200e+002	1.823792e+003	1.830084e+003	1.641110e+003	1.656217e+003	1.641110e+003	1.641110e+003	1.845191e+003		
5.738200e+002	1.788501e+003	1.806524e+003	1.640024e+003	1.647559e+003	1.640024e+003	1.640024e+003	1.814059e+003		
5.737200e+002	1.729876e+003	1.785637e+003	1.639361e+003	1.642858e+003	1.639361e+003	1.639361e+003	1.789134e+003		
5.736200e+002	1.718792e+003	1.766913e+003	1.638776e+003	1.640291e+003	1.638776e+003	1.638776e+003	1.768429e+003		
5.735200e+002	1.710334e+003	1.750174e+003	1.638248e+003	1.638859e+003	1.638248e+003	1.638248e+003	1.750785e+003		
5.734200e+002	1.689917e+003	1.735352e+003	1.637867e+003	1.638098e+003	1.637867e+003	1.637867e+003	1.735583e+003		
5.733200e+002	1.655792e+003	1.722397e+003	1.637735e+003	1.637816e+003	1.637735e+003	1.637735e+003	1.722478e+003		
5.732200e+002	1.685251e+003	1.710733e+003	1.637385e+003	1.637411e+003	1.637385e+003	1.637385e+003	1.710760e+003		
5.731200e+002	1.640626e+003	1.700783e+003	1.637361e+003	1.637369e+003	1.637361e+003	1.637361e+003	1.700791e+003		
5.730200e+002	1.657251e+003	1.691902e+003	1.637214e+003	1.637216e+003	1.637214e+003	1.637214e+003	1.691904e+003		
5.729200e+002	1.638876e+003	1.684229e+003	1.637202e+003	1.637202e+003	1.637202e+003	1.637202e+003	1.684229e+003		
5.728200e+002	1.630417e+003	1.677480e+003	1.637153e+003	1.637153e+003	1.637153e+003	1.637153e+003	1.677481e+003		
5.727200e+002	1.656084e+003	1.671501e+003	1.637013e+003	1.637013e+003	1.637013e+003	1.637013e+003	1.671501e+003		
5.726200e+002	1.662501e+003	1.666237e+003	1.636825e+003	1.636825e+003	1.636825e+003	1.636825e+003	1.666237e+003		
5.725200e+002	1.631001e+003	1.661796e+003	1.636783e+003	1.636783e+003	1.636783e+003	1.636783e+003	1.661796e+003		
5.724200e+002	1.622542e+003	1.657893e+003	1.636679e+003	1.636679e+003	1.636679e+003	1.636679e+003	1.657893e+003		
5.723200e+002	1.626917e+003	1.654548e+003	1.636608e+003	1.636608e+003	1.636608e+003	1.636608e+003	1.654548e+003		
5.722200e+002	1.644126e+003	1.651682e+003	1.636553e+003	1.636553e+003	1.636553e+003	1.636553e+003	1.651682e+003		
5.721200e+002	1.632167e+003	1.649244e+003	1.636521e+003	1.636521e+003	1.636521e+003	1.636521e+003	1.649244e+003		
5.720200e+002	1.603001e+003	1.646948e+003	1.636278e+003	1.636278e+003	1.636278e+003	1.636278e+003	1.646948e+003		
5.719200e+002	1.599792e+003	1.644953e+003	1.636012e+003	1.636012e+003	1.636012e+003	1.636012e+003	1.644953e+003		
5.718200e+002	1.606501e+003	1.643268e+003	1.635798e+003	1.635798e+003	1.635798e+003	1.635798e+003	1.643268e+003		
5.717200e+002	1.657251e+003	1.641865e+003	1.635640e+003	1.635640e+003	1.635640e+003	1.635640e+003	1.641865e+003		
5.716200e+002	1.638292e+003	1.640793e+003	1.635620e+003	1.635620e+003	1.635620e+003	1.635620e+003	1.640793e+003		
5.715200e+002	1.618459e+003	1.639783e+003	1.635496e+003	1.635496e+003	1.635496e+003	1.635496e+003	1.639783e+003		
5.714200e+002	1.649959e+003	1.638932e+003	1.635389e+003	1.635389e+003	1.635389e+003	1.635389e+003	1.638932e+003		
5.713200e+002	1.649959e+003	1.638201e+003	1.635282e+003	1.635282e+003	1.635282e+003	1.635282e+003	1.638201e+003		
5.712200e+002	1.628376e+003	1.637631e+003	1.635231e+003	1.635231e+003	1.635231e+003	1.635231e+003	1.637631e+003		
5.711200e+002	1.621376e+003	1.637097e+003	1.635131e+003	1.635131e+003	1.635131e+003	1.635131e+003	1.637097e+003		
5.710200e+002	1.625459e+003	1.636667e+003	1.635060e+003	1.635060e+003	1.635060e+003	1.635060e+003	1.636667e+003		
5.709200e+002	1.628667e+003	1.636323e+003	1.635014e+003	1.635014e+003	1.635014e+003	1.635014e+003	1.636323e+003		
5.708200e+002	1.636834e+003	1.636064e+003	1.635001e+003	1.635001e+003	1.635001e+003	1.635001e+003	1.636064e+003		
5.707200e+002	1.632459e+003	1.635845e+003	1.634982e+003	1.634982e+003	1.634982e+003	1.634982e+003	1.635845e+003		
5.706200e+002	1.622251e+003	1.635589e+003	1.634890e+003	1.634890e+003	1.634890e+003	1.634890e+003	1.635589e+003		
5.705200e+002	1.610001e+003	1.635274e+003	1.634709e+003	1.634709e+003	1.634709e+003	1.634709e+003	1.635274e+003		
5.704200e+002	1.613792e+003	1.635012e+003	1.634557e+003	1.634557e+003	1.634557e+003	1.634557e+003	1.635012e+003		
5.703200e+002	1.618167e+003	1.634803e+003	1.634438e+003	1.634438e+003	1.634438e+003	1.634438e+003	1.634803e+003		
5.702200e+002	1.605042e+003	1.634517e+003	1.634224e+003	1.634224e+003	1.634224e+003	1.634224e+003	1.634517e+003		
5.701200e+002	1.605626e+003	1.634250e+003	1.634016e+003	1.634016e+003	1.634016e+003	1.634016e+003	1.634250e+003		
5.700200e+002	1.591334e+003	1.633892e+003	1.633706e+003	1.633706e+003	1.633706e+003	1.633706e+003	1.633892e+003		
5.699200e+002	1.617584e+003	1.633737e+003	1.633589e+003	1.633589e+003	1.633589e+003	1.633589e+003	1.633737e+003		
5.698200e+002	1.603001e+003	1.633484e+003	1.633367e+003	1.633367e+003	1.633367e+003	1.633367e+003	1.633484e+003		
5.697200e+002	1.612917e+003	1.633311e+003	1.633218e+003	1.633218e+003	1.633218e+003	1.633218e+003	1.633311e+003		
5.696200e+002	1.607667e+003	1.633105e+003	1.633033e+003	1.633033e+003	1.633033e+003	1.633033e+003	1.633105e+003		
5.695200e+002	1.592209e+003	1.632793e+003	1.632736e+003	1.632736e+003	1.632736e+003	1.632736e+003	1.632793e+003		
5.694200e+002	1.607376e+003	1.632597e+003	1.632552e+003	1.632552e+003	1.632552e+003	1.632552e+003	1.632597e+003		
5.693200e+002	1.626626e+003	1.632544e+003	1.632509e+003	1.632509e+003	1.632509e+003	1.632509e+003	1.632544e+003		
5.692200e+002	1.600376e+003	1.632303e+003	1.632275e+003	1.632275e+003	1.632275e+003	1.632275e+003	1.632303e+003		
5.691200e+002	1.614084e+003	1.632164e+003	1.632143e+003	1.632143e+003	1.632143e+003	1.632143e+003	1.632164e+003		
5.690200e+002	1.608542e+003	1.631988e+003	1.631972e+003	1.631972e+003	1.631972e+003	1.631972e+003	1.631988e+003		
5.689200e+002	1.597167e+003	1.631732e+003	1.631719e+003	1.631719e+003	1.631719e+003	1.631719e+003	1.631732e+003		
5.688200e+002	1.607667e+003	1.631554e+003	1.631544e+003	1.631544e+003	1.631544e+003	1.631544e+003	1.631554e+003		
5.687200e+002	1.629251e+003	1.631535e+003	1.631527e+003	1.631527e+003	1.631527e+003	1.631527e+003	1.631535e+003		
5.686200e+002	1.634792e+003	1.631509e+003	1.631503e+003	1.631503e+003	1.631503e+003	1.631503e+003	1.631509e+003		
5.685200e+002	1.598626e+003	1.631269e+003	1.631264e+003	1.631264e+003	1.631264e+003	1.631264e+003	1.631269e+003		
5.684200e+002	1.596001e+003	1.631012e+003	1.631008e+003	1.631008e+003	1.631008e+003	1.631008e+003	1.631012e+003		
5.683200e+002	1.626626e+003	1.630979e+003	1.630976e+003	1.630976e+003	1.630976e+003	1.630976e+003	1.630979e+003		
5.682200e+002	1.619334e+003	1.630894e+003	1.630892e+003	1.630892e+003	1.630892e+003	1.630892e+003	1.630894e+003		
5.681200e+002	1.602709e+003	1.630689e+003	1.630687e+003	1.630687e+003	1.630687e+003	1.630687e+003	1.630689e+003		
5.680200e+002	1.613792e+003	1.630565e+003	1.630564e+003	1.630564e+003	1.630564e+003	1.630564e+003	1.630565e+003		
5.679200e+002	1.599501e+003	1.630339e+003	1.630339e+003	1.630339e+003	1.630339e+003	1.630339e+003	1.630339e+003		
5.678200e+002	1.637417e+003	1.630287e+003	1.630286e+003	1.630286e+003	1.630286e+003	1.630286e+003	1.630287e+003		
5.677200e+002	1.592792e+003	1.630015e+003	1.630014e+003	1.630014e+003	1.630014e+003	1.630014e+003	1.630015e+003		
5.676200e+002	1.607084e+003	1.629848e+003	1.629847e+003	1.629847e+003	1.629847e+003	1.629847e+003	1.629848e+003		
5.675200e+002	1.609126e+003	1.629697e+003	1.629697e+003	1.629697e+003	1.629697e+003	1.629697e+003	1.629697e+003		
5.674200e+002	1.611751e+003	1.629567e+003	1.629566e+003	1.629566e+003	1.629566e+003	1.629566e+003	1.629567e+003		
5.673200e+002	1.604751e+003	1.629386e+003	1.629386e+003	1.629386e+003	1.629386e+003	1.629386e+003	1.629386e+003		
5.672200e+002	1.600959e+003	1.629180e+003	1.629180e+003	1.629180e+003	1.629180e+003	1.629180e+003	1.629180e+003		
5.671200e+002	1.616126e+003	1.629085e+003	1.629085e+003	1.629085e+003	1.629085e+003	1.629085e+003	1.629085e+003		
5.670200e+002	1.608542e+003	1.628936e+003	1.628936e+003	1.628936e+003	1.628936e+003	1.628936e+003	1.628936e+003		
5.669200e+002	1.590167e+003	1.628654e+003	1.628654e+003	1.628654e+003	1.628654e+003	1.628654e+003	1.628654e+003		
5.668200e+002	1.603292e+003	1.628470e+003	1.628470e+003	1.628470e+003	1.628470e+003	1.628470e+003	1.628470e+003		
5.667200e+002	1.613501e+003	1.628361e+003	1.628361e+003	1.628361e+003	1.628361e+003	1.628361e+003	1.628361e+003		
5.666200e+002	1.608834e+003	1.628219e+003	1.628219e+003	1.628219e+003	1.628219e+003	1.628219e+003	1.628219e+003		
5.665200e+002	1.597751e+003	1.627998e+003	1.627998e+003	1.627998e+003	1.627998e+003	1.627998e+003	1.627998e+003		
5.664200e+002	1.591917e+003	1.627735e+003	1.627735e+003	1.627735e+003	1.627735e+003	1.627735e+003	1.627735e+003		
5.663200e+002	1.612626e+003	1.627626e+003	1.627626e+003	1.627626e+003	1.627626e+003	1.627626e+003	1.627626e+003		
5.662200e+002	1.592792e+003	1.627373e+003	1.627373e+003	1.627373e+003	1.627373e+003	1.627373e+003	1.627373e+003		
5.661200e+002	1.601834e+003	1.627187e+003	1.627187e+003	1.627187e+003	1.627187e+003	1.627187e+003	1.627187e+003		
5.660200e+002	1.592501e+003	1.626935e+003	1.626935e+003	1.626935e+003	1.626935e+003	1.626935e+003	1.626935e+003		
5.659200e+002	1.618167e+003	1.626871e+003	1.626871e+003	1.626871e+003	1.626871e+003	1.626871e+003	1.626871e+003		
5.658200e+002	1.602126e+003	1.626692e+003	1.626692e+003	1.626692e+003	1.626692e+003	1.626692e+003	1.626692e+003		
5.657200e+002	1.609709e+003	1.626568e+003	1.626568e+003	1.626568e+003	1.626568e+003	1.626568e+003	1.626568e+003		
5.656200e+002	1.574417e+003	1.626189e+003	1.626189e+003	1.626189e+003	1.626189e+003	1.626189e+003	1.626189e+003		
5.655200e+002	1.602126e+003	1.626014e+003	1.626014e+003	1.626014e+003	1.626014e+003	1.626014e+003	1.626014e+003		
5.654200e+002	1.615834e+003	1.625940e+003	1.625940e+003	1.625940e+003	1.625940e+003	1.625940e+003	1.625940e+003		
5.653200e+002	1.601251e+003	1.625761e+003	1.625761e+003	1.625761e+003	1.625761e+003	1.625761e+003	1.625761e+003		
5.652200e+002	1.607084e+003	1.625625e+003	1.625625e+003	1.625625e+003	1.625625e+003	1.625625e+003	1.625625e+003		
5.651200e+002	1.585792e+003	1.625336e+003	1.625336e+003	1.625336e+003	1.625336e+003	1.625336e+003	1.625336e+003		
5.650200e+002	1.618751e+003	1.625288e+003	1.625288e+003	1.625288e+003	1.625288e+003	1.625288e+003	1.625288e+003		
5.649200e+002	1.637709e+003	1.625197e+003	1.625197e+003	1.625197e+003	1.625197e+003	1.625197e+003	1.625197e+003		
5.648200e+002	1.592501e+003	1.624959e+003	1.624959e+003	1.624959e+003	1.624959e+003	1.624959e+003	1.624959e+003		
5.647200e+002	1.624876e+003	1.624958e+003	1.624958e+003	1.624958e+003	1.624958e+003	1.624958e+003	1.624958e+003		
5.646200e+002	1.635084e+003	1.624884e+003	1.624884e+003	1.624884e+003	1.624884e+003	1.624884e+003	1.624884e+003		
5.645200e+002	1.639167e+003	1.624778e+003	1.624778e+003	1.624778e+003	1.624778e+003	1.624778e+003	1.624778e+003		
5.644200e+002	1.600084e+003	1.600084e+003	1.600084e+003	1.600084e+003	1.600084e+003	1.600084e+003	1.600084e+003		
5.643200e+002	1.612626e+003	1.612626e+003	1.612626e+003	1.612626e+003	1.612626e+003	1.612626e+003	1.612626e+003		
5.642200e+002	1.647334e+003	1.647334e+003	1.647334e+003	1.647334e+003	1.647334e+003	1.647334e+003	1.647334e+003		
5.641200e+002	1.648209e+003	1.648209e+003	1.648209e+003	1.648209e+003	1.648209e+003	1.648209e+003	1.648209e+003		
5.640200e+002	1.639751e+003	1.639751e+003	1.639751e+003	1.639751e+003	1.639751e+003	1.639751e+003	1.639751e+003		
5.639200e+002	1.636251e+003	1.636251e+003	1.636251e+003	1.636251e+003	1.636251e+003	1.636251e+003	1.636251e+003		
5.638200e+002	1.643542e+003	1.643542e+003	1.643542e+003	1.643542e+003	1.643542e+003	1.643542e+003	1.643542e+003		
5.637200e+002	1.649667e+003	1.649667e+003	1.649667e+003	1.649667e+003	1.649667e+003	1.649667e+003	1.649667e+003		
5.636200e+002	1.618751e+003	1.618751e+003	1.618751e+003	1.618751e+003	1.618751e+003	1.618751e+003	1.618751e+003		
5.635200e+002	1.621959e+003	1.621959e+003	1.621959e+003	1.621959e+003	1.621959e+003	1.621959e+003	1.621959e+003		
5.634200e+002	1.576459e+003	1.576459e+003	1.576459e+003	1.576459e+003	1.576459e+003	1.576459e+003	1.576459e+003		
5.633200e+002	1.614084e+003	1.614084e+003	1.614084e+003	1.614084e+003	1.614084e+003	1.614084e+003	1.614084e+003		
5.632200e+002	1.623126e+003	1.623126e+003	1.623126e+003	1.623126e+003	1.623126e+003	1.623126e+003	1.623126e+003		
5.631200e+002	1.622542e+003	1.622542e+003	1.622542e+003	1.622542e+003	1.622542e+003	1.622542e+003	1.622542e+003		
5.630200e+002	1.619334e+003	1.619334e+003	1.619334e+003	1.619334e+003	1.619334e+003	1.619334e+003	1.619334e+003		
5.629200e+002	1.620792e+003	1.620792e+003	1.620792e+003	1.620792e+003	1.620792e+003	1.620792e+003	1.620792e+003		
5.628200e+002	1.614376e+003	1.614376e+003	1.614376e+003	1.614376e+003	1.614376e+003	1.614376e+003	1.614376e+003		
5.627200e+002	1.608251e+003	1.608251e+003	1.608251e+003	1.608251e+003	1.608251e+003	1.608251e+003	1.608251e+003		