Name		Cr 2p	Cr 2p	Cr 2p	Cr 2p	Cr 2p	Cr 2p				
Position		576.676	585.876	579.509	588.709	574.006	583.206				
FWHM		3.13229	3.13229	3.29366	3.29366	0.747426	0.747426				
Area		4641.8	2320.9	2482.7	1241.4	102.7	51.327				
Lineshape		GL(30)	GL(30)	GL(30)	GL(30)	GL(30)	GL(30)				

B.E.	Cycle 1:Cr 2p/8:CPS	Cr 2p/8:Cr 2p	Cr 2p/8:Cr 2p	Cr 2p/8:Cr 2p	Cr 2p/8:Cr 2p	Cr 2p/8:Cr 2p	Cr 2p/8:Cr 2p	Background	Envelope		
5.969840e+002	2.531959e+003	2.531959e+003	2.531959e+003	2.531959e+003	2.531960e+003	2.531959e+003	2.531959e+003	2.531959e+003	2.531960e+003		
5.968840e+002	2.480334e+003	2.480334e+003	2.480334e+003	2.480334e+003	2.480335e+003	2.480334e+003	2.480334e+003	2.480334e+003	2.480335e+003		
5.967840e+002	2.466918e+003	2.466918e+003	2.466918e+003	2.466918e+003	2.466919e+003	2.466918e+003	2.466918e+003	2.466918e+003	2.466919e+003		
5.966840e+002	2.487334e+003	2.487334e+003	2.487334e+003	2.487334e+003	2.487336e+003	2.487334e+003	2.487334e+003	2.487334e+003	2.487336e+003		
5.965840e+002	2.479459e+003	2.479459e+003	2.479459e+003	2.479459e+003	2.479461e+003	2.479459e+003	2.479459e+003	2.479459e+003	2.479461e+003		
5.964840e+002	2.489668e+003	2.489668e+003	2.489668e+003	2.489668e+003	2.489670e+003	2.489668e+003	2.489668e+003	2.489668e+003	2.489670e+003		
5.963840e+002	2.523209e+003	2.523209e+003	2.523209e+003	2.523209e+003	2.523212e+003	2.523209e+003	2.523209e+003	2.523209e+003	2.523212e+003		
5.962840e+002	2.481501e+003	2.481501e+003	2.481501e+003	2.481501e+003	2.481505e+003	2.481501e+003	2.481501e+003	2.481501e+003	2.481505e+003		
5.961840e+002	2.448834e+003	2.448834e+003	2.448834e+003	2.448834e+003	2.448839e+003	2.448834e+003	2.448834e+003	2.448834e+003	2.448839e+003		
5.960840e+002	2.446793e+003	2.446793e+003	2.446793e+003	2.446793e+003	2.446799e+003	2.446793e+003	2.446793e+003	2.446793e+003	2.446799e+003		
5.959840e+002	2.502501e+003	2.502501e+003	2.502501e+003	2.502501e+003	2.502510e+003	2.502501e+003	2.502501e+003	2.502501e+003	2.502510e+003		
5.958840e+002	2.480626e+003	2.480626e+003	2.480626e+003	2.480626e+003	2.480637e+003	2.480626e+003	2.480626e+003	2.480626e+003	2.480637e+003		
5.957840e+002	2.478001e+003	2.478001e+003	2.478001e+003	2.478001e+003	2.478016e+003	2.478001e+003	2.478001e+003	2.478001e+003	2.478016e+003		
5.956840e+002	2.481501e+003	2.481501e+003	2.481501e+003	2.481501e+003	2.481520e+003	2.481501e+003	2.481501e+003	2.481501e+003	2.481520e+003		
5.955840e+002	2.477126e+003	2.477126e+003	2.477126e+003	2.477126e+003	2.477150e+003	2.477126e+003	2.477126e+003	2.477126e+003	2.477150e+003		
5.954840e+002	2.442418e+003	2.442418e+003	2.442418e+003	2.442418e+003	2.442449e+003	2.442418e+003	2.442418e+003	2.442418e+003	2.442449e+003		
5.953840e+002	2.467209e+003	2.467209e+003	2.467209e+003	2.467209e+003	2.467249e+003	2.467209e+003	2.467209e+003	2.467209e+003	2.467249e+003		
5.952840e+002	2.469834e+003	2.469834e+003	2.469834e+003	2.469834e+003	2.469885e+003	2.469834e+003	2.469834e+003	2.469834e+003	2.469885e+003		
5.951840e+002	2.443001e+003	2.443001e+003	2.443001e+003	2.443001e+003	2.443065e+003	2.443001e+003	2.443001e+003	2.443001e+003	2.443065e+003		
5.950840e+002	2.485876e+003	2.485876e+003	2.485876e+003	2.485876e+003	2.485958e+003	2.485876e+003	2.485876e+003	2.485876e+003	2.485958e+003		
5.949840e+002	2.443876e+003	2.443876e+003	2.443876e+003	2.443876e+003	2.443979e+003	2.443876e+003	2.443876e+003	2.443876e+003	2.443979e+003		
5.948840e+002	2.416751e+003	2.416751e+003	2.416751e+003	2.416751e+003	2.416881e+003	2.416751e+003	2.416751e+003	2.416751e+003	2.416881e+003		
5.947840e+002	2.413543e+003	2.413543e+003	2.413543e+003	2.413543e+003	2.413706e+003	2.413543e+003	2.413543e+003	2.413543e+003	2.413706e+003		
5.946840e+002	2.418209e+003	2.418209e+003	2.418209e+003	2.418209e+003	2.418414e+003	2.418209e+003	2.418209e+003	2.418209e+003	2.418414e+003		
5.945840e+002	2.378251e+003	2.378251e+003	2.378251e+003	2.378251e+003	2.378507e+003	2.378251e+003	2.378251e+003	2.378251e+003	2.378507e+003		
5.944840e+002	2.421709e+003	2.421709e+003	2.421709e+003	2.421709e+003	2.422028e+003	2.421709e+003	2.421709e+003	2.421709e+003	2.422028e+003		
5.943840e+002	2.439501e+003	2.439501e+003	2.439501e+003	2.439501e+003	2.439896e+003	2.439501e+003	2.439501e+003	2.439501e+003	2.439896e+003		
5.942840e+002	2.400418e+003	2.400418e+003	2.400418e+003	2.400418e+003	2.400906e+003	2.400418e+003	2.400418e+003	2.400418e+003	2.400906e+003		
5.941840e+002	2.408584e+003	2.408584e+003	2.408585e+003	2.408584e+003	2.409187e+003	2.408584e+003	2.408584e+003	2.408584e+003	2.409187e+003		
5.940840e+002	2.422293e+003	2.422293e+003	2.422293e+003	2.422293e+003	2.423035e+003	2.422293e+003	2.422293e+003	2.422293e+003	2.423035e+003		
5.939840e+002	2.405084e+003	2.405084e+003	2.405085e+003	2.405084e+003	2.405995e+003	2.405084e+003	2.405084e+003	2.405084e+003	2.405996e+003		
5.938840e+002	2.385834e+003	2.385834e+003	2.385835e+003	2.385834e+003	2.386948e+003	2.385834e+003	2.385834e+003	2.385834e+003	2.386949e+003		
5.937840e+002	2.406834e+003	2.406834e+003	2.406835e+003	2.406834e+003	2.408191e+003	2.406834e+003	2.406834e+003	2.406834e+003	2.408192e+003		
5.936840e+002	2.419376e+003	2.419376e+003	2.419377e+003	2.419376e+003	2.421022e+003	2.419376e+003	2.419376e+003	2.419376e+003	2.421023e+003		
5.935840e+002	2.404501e+003	2.404501e+003	2.404503e+003	2.404501e+003	2.406495e+003	2.404501e+003	2.404501e+003	2.404501e+003	2.406496e+003		
5.934840e+002	2.382334e+003	2.382334e+003	2.382337e+003	2.382334e+003	2.384745e+003	2.382334e+003	2.382334e+003	2.382334e+003	2.384748e+003		
5.933840e+002	2.381168e+003	2.381168e+003	2.381171e+003	2.381168e+003	2.384072e+003	2.381168e+003	2.381168e+003	2.381168e+003	2.384075e+003		
5.932840e+002	2.401876e+003	2.401876e+003	2.401880e+003	2.401876e+003	2.405362e+003	2.401876e+003	2.401876e+003	2.401876e+003	2.405366e+003		
5.931840e+002	2.420543e+003	2.420543e+003	2.420548e+003	2.420543e+003	2.424712e+003	2.420543e+003	2.420543e+003	2.420543e+003	2.424717e+003		
5.930840e+002	2.420251e+003	2.420251e+003	2.420259e+003	2.420251e+003	2.425219e+003	2.420251e+003	2.420251e+003	2.420251e+003	2.425226e+003		
5.929840e+002	2.426376e+003	2.426376e+003	2.426386e+003	2.426376e+003	2.432285e+003	2.426376e+003	2.426376e+003	2.426376e+003	2.432295e+003		
5.928840e+002	2.392543e+003	2.392543e+003	2.392556e+003	2.392543e+003	2.399556e+003	2.392543e+003	2.392543e+003	2.392543e+003	2.399569e+003		
5.927840e+002	2.386126e+003	2.386126e+003	2.386143e+003	2.386126e+003	2.394419e+003	2.386126e+003	2.386126e+003	2.386126e+003	2.394437e+003		
5.926840e+002	2.391959e+003	2.391959e+003	2.391982e+003	2.391959e+003	2.401730e+003	2.391959e+003	2.391959e+003	2.391959e+003	2.401753e+003		
5.925840e+002	2.372418e+003	2.372418e+003	2.372448e+003	2.372418e+003	2.383889e+003	2.372418e+003	2.372418e+003	2.372418e+003	2.383919e+003		
5.924840e+002	2.356084e+003	2.378372e+003	2.378411e+003	2.378372e+003	2.391791e+003	2.378372e+003	2.378372e+003	2.378372e+003	2.391831e+003		
5.923840e+002	2.407126e+003	2.378150e+003	2.378201e+003	2.378150e+003	2.393816e+003	2.378150e+003	2.378150e+003	2.378150e+003	2.393867e+003		
5.922840e+002	2.418501e+003	2.377838e+003	2.377905e+003	2.377838e+003	2.396081e+003	2.377838e+003	2.377838e+003	2.377838e+003	2.396148e+003		
5.921840e+002	2.381459e+003	2.377810e+003	2.377897e+003	2.377810e+003	2.398976e+003	2.377810e+003	2.377810e+003	2.377810e+003	2.399062e+003		
5.920840e+002	2.374168e+003	2.377782e+003	2.377894e+003	2.377782e+003	2.402251e+003	2.377782e+003	2.377782e+003	2.377782e+003	2.402362e+003		
5.919840e+002	2.403334e+003	2.377585e+003	2.377728e+003	2.377585e+003	2.405771e+003	2.377585e+003	2.377585e+003	2.377585e+003	2.405914e+003		
5.918840e+002	2.406834e+003	2.377359e+003	2.377543e+003	2.377359e+003	2.409713e+003	2.377359e+003	2.377359e+003	2.377359e+003	2.409897e+003		
5.917840e+002	2.432793e+003	2.376931e+003	2.377166e+003	2.376931e+003	2.413978e+003	2.376931e+003	2.376931e+003	2.376931e+003	2.414213e+003		
5.916840e+002	2.385543e+003	2.376864e+003	2.377163e+003	2.376864e+003	2.419160e+003	2.376864e+003	2.376864e+003	2.376864e+003	2.419459e+003		
5.915840e+002	2.410918e+003	2.376601e+003	2.376979e+003	2.376601e+003	2.424712e+003	2.376601e+003	2.376601e+003	2.376601e+003	2.425090e+003		
5.914840e+002	2.413834e+003	2.376314e+003	2.376792e+003	2.376314e+003	2.430837e+003	2.376314e+003	2.376314e+003	2.376314e+003	2.431316e+003		
5.913840e+002	2.425209e+003	2.375936e+003	2.376540e+003	2.375936e+003	2.437501e+003	2.375936e+003	2.375936e+003	2.375936e+003	2.438106e+003		
5.912840e+002	2.393126e+003	2.375803e+003	2.376562e+003	2.375803e+003	2.445067e+003	2.375803e+003	2.375803e+003	2.375803e+003	2.445825e+003		
5.911840e+002	2.415001e+003	2.375500e+003	2.376448e+003	2.375500e+003	2.453195e+003	2.375500e+003	2.375500e+003	2.375500e+003	2.454143e+003		
5.910840e+002	2.441543e+003	2.374990e+003	2.376171e+003	2.374990e+003	2.461845e+003	2.374990e+003	2.374990e+003	2.374990e+003	2.463026e+003		
5.909840e+002	2.426376e+003	2.374593e+003	2.376065e+003	2.374593e+003	2.471313e+003	2.374593e+003	2.374593e+003	2.374593e+003	2.472785e+003		
5.908840e+002	2.489376e+003	2.373707e+003	2.375531e+003	2.373707e+003	2.480995e+003	2.373707e+003	2.373707e+003	2.373707e+003	2.482819e+003		
5.907840e+002	2.531668e+003	2.372487e+003	2.374737e+003	2.372487e+003	2.491034e+003	2.372487e+003	2.372487e+003	2.372487e+003	2.493285e+003		
5.906840e+002	2.467501e+003	2.371753e+003	2.374516e+003	2.371753e+003	2.502228e+003	2.371753e+003	2.371753e+003	2.371753e+003	2.504992e+003		
5.905840e+002	2.447668e+003	2.371166e+003	2.374562e+003	2.371166e+003	2.514251e+003	2.371166e+003	2.371166e+003	2.371166e+003	2.517647e+003		
5.904840e+002	2.501626e+003	2.370159e+003	2.374313e+003	2.370159e+003	2.526451e+003	2.370159e+003	2.370159e+003	2.370159e+003	2.530605e+003		
5.903840e+002	2.569584e+003	2.368618e+003	2.373678e+003	2.368618e+003	2.538619e+003	2.368618e+003	2.368618e+003	2.368618e+003	2.543679e+003		
5.902840e+002	2.560251e+003	2.367138e+003	2.373272e+003	2.367138e+003	2.551266e+003	2.367138e+003	2.367138e+003	2.367138e+003	2.557401e+003		
5.901840e+002	2.571626e+003	2.365558e+003	2.372981e+003	2.365558e+003	2.564133e+003	2.365558e+003	2.365558e+003	2.365558e+003	2.571556e+003		
5.900840e+002	2.564043e+003	2.364025e+003	2.372988e+003	2.364025e+003	2.577252e+003	2.364025e+003	2.364025e+003	2.364025e+003	2.586215e+003		
5.899840e+002	2.618876e+003	2.362056e+003	2.372830e+003	2.362056e+003	2.590002e+003	2.362056e+003	2.362056e+003	2.362056e+003	2.600776e+003		
5.898840e+002	2.644834e+003	2.359872e+003	2.372765e+003	2.359872e+003	2.602436e+003	2.359872e+003	2.359872e+003	2.359872e+003	2.615328e+003		
5.897840e+002	2.615959e+003	2.357894e+003	2.373263e+003	2.357894e+003	2.614812e+003	2.357894e+003	2.357894e+003	2.357894e+003	2.630181e+003		
5.896840e+002	2.643376e+003	2.355689e+003	2.373998e+003	2.355689e+003	2.626530e+003	2.355689e+003	2.355689e+003	2.355689e+003	2.644839e+003		
5.895840e+002	2.670209e+003	2.353259e+003	2.374974e+003	2.353259e+003	2.637417e+003	2.353259e+003	2.353259e+003	2.353259e+003	2.659132e+003		
5.894840e+002	2.648918e+003	2.350976e+003	2.376618e+003	2.350976e+003	2.647667e+003	2.350976e+003	2.350976e+003	2.350976e+003	2.673309e+003		
5.893840e+002	2.695293e+003	2.348316e+003	2.378469e+003	2.348316e+003	2.656476e+003	2.348316e+003	2.348316e+003	2.348316e+003	2.686629e+003		
5.892840e+002	2.680418e+003	2.345751e+003	2.381143e+003	2.345751e+003	2.664179e+003	2.345751e+003	2.345751e+003	2.345751e+003	2.699571e+003		
5.891840e+002	2.740501e+003	2.342701e+003	2.384103e+003	2.342701e+003	2.670071e+003	2.342701e+003	2.342701e+003	2.342701e+003	2.711473e+003		
5.890840e+002	2.766751e+003	2.339426e+003	2.387648e+003	2.339426e+003	2.674270e+003	2.339426e+003	2.339426e+003	2.339426e+003	2.722493e+003		
5.889840e+002	2.746918e+003	2.336278e+003	2.392211e+003	2.336278e+003	2.677006e+003	2.336278e+003	2.336278e+003	2.336278e+003	2.732940e+003		
5.888840e+002	2.708126e+003	2.333406e+003	2.398069e+003	2.333406e+003	2.678328e+003	2.333406e+003	2.333406e+003	2.333406e+003	2.742991e+003		
5.887840e+002	2.728543e+003	2.330354e+003	2.404923e+003	2.330354e+003	2.677533e+003	2.330354e+003	2.330354e+003	2.330354e+003	2.752102e+003		
5.886840e+002	2.753626e+003	2.327084e+003	2.412707e+003	2.327084e+003	2.674656e+003	2.327084e+003	2.327084e+003	2.327084e+003	2.760279e+003		
5.885840e+002	2.782501e+003	2.323566e+003	2.421466e+003	2.323567e+003	2.669715e+003	2.323566e+003	2.323566e+003	2.323566e+003	2.767615e+003		
5.884840e+002	2.785709e+003	2.319997e+003	2.431470e+003	2.319997e+003	2.662929e+003	2.319997e+003	2.319997e+003	2.319997e+003	2.774403e+003		
5.883840e+002	2.808751e+003	2.316221e+003	2.442836e+003	2.316221e+003	2.654201e+003	2.316221e+003	2.316221e+003	2.316221e+003	2.780817e+003		
5.882840e+002	2.809626e+003	2.312410e+003	2.455615e+003	2.312410e+003	2.643784e+003	2.312410e+003	2.312410e+003	2.312410e+003	2.786989e+003		
5.881840e+002	2.828293e+003	2.308425e+003	2.469696e+003	2.308425e+003	2.631505e+003	2.308425e+003	2.308425e+003	2.308425e+003	2.792776e+003		
5.880840e+002	2.844335e+003	2.304286e+003	2.485123e+003	2.304286e+003	2.617650e+003	2.304286e+003	2.304286e+003	2.304286e+003	2.798488e+003		
5.879840e+002	2.818960e+003	2.300310e+003	2.502351e+003	2.300311e+003	2.602730e+003	2.300310e+003	2.300310e+003	2.300310e+003	2.804772e+003		
5.878840e+002	2.840543e+003	2.296137e+003	2.520985e+003	2.296138e+003	2.586548e+003	2.296137e+003	2.296137e+003	2.296137e+003	2.811396e+003		
5.877840e+002	2.839668e+003	2.291939e+003	2.541041e+003	2.291940e+003	2.569449e+003	2.291939e+003	2.291939e+003	2.291939e+003	2.818552e+003		
5.876840e+002	2.835585e+003	2.287739e+003	2.562474e+003	2.287741e+003	2.551635e+003	2.287739e+003	2.287739e+003	2.287739e+003	2.826372e+003		
5.875840e+002	2.879626e+003	2.283167e+003	2.584836e+003	2.283169e+003	2.532875e+003	2.283167e+003	2.283167e+003	2.283167e+003	2.834546e+003		
5.874840e+002	2.890710e+003	2.278474e+003	2.608343e+003	2.278477e+003	2.513657e+003	2.278474e+003	2.278474e+003	2.278474e+003	2.843528e+003		
5.873840e+002	2.906168e+003	2.273626e+003	2.632613e+003	2.273629e+003	2.494119e+003	2.273626e+003	2.273626e+003	2.273626e+003	2.853109e+003		
5.872840e+002	2.937668e+003	2.268496e+003	2.657305e+003	2.268501e+003	2.474288e+003	2.268496e+003	2.268496e+003	2.268496e+003	2.863101e+003		
5.871840e+002	2.955460e+003	2.263190e+003	2.682273e+003	2.263196e+003	2.454407e+003	2.263190e+003	2.263190e+003	2.263190e+003	2.873496e+003		
5.870840e+002	2.958668e+003	2.257818e+003	2.707323e+003	2.257826e+003	2.434712e+003	2.257818e+003	2.257818e+003	2.257818e+003	2.884225e+003		
5.869840e+002	2.957210e+003	2.252415e+003	2.732107e+003	2.252426e+003	2.415398e+003	2.252415e+003	2.252415e+003	2.252415e+003	2.895099e+003		
5.868840e+002	2.958960e+003	2.246958e+003	2.756242e+003	2.246971e+003	2.396507e+003	2.246958e+003	2.246958e+003	2.246958e+003	2.905804e+003		
5.867840e+002	2.965085e+003	2.241411e+003	2.779323e+003	2.241428e+003	2.378072e+003	2.241411e+003	2.241411e+003	2.241411e+003	2.916001e+003		
5.866840e+002	2.965960e+003	2.235814e+003	2.800901e+003	2.235836e+003	2.360192e+003	2.235814e+003	2.235814e+003	2.235814e+003	2.925301e+003		
5.865840e+002	2.989876e+003	2.229989e+003	2.820261e+003	2.230018e+003	2.342732e+003	2.229989e+003	2.229989e+003	2.229989e+003	2.933033e+003		
5.864840e+002	3.000668e+003	2.224036e+003	2.837260e+003	2.224074e+003	2.325823e+003	2.224036e+003	2.224036e+003	2.224036e+003	2.939085e+003		
5.863840e+002	2.990751e+003	2.218114e+003	2.851693e+003	2.218162e+003	2.309723e+003	2.218114e+003	2.218114e+003	2.218114e+003	2.943350e+003		
5.862840e+002	2.971210e+003	2.212297e+003	2.863293e+003	2.212358e+003	2.294441e+003	2.212297e+003	2.212297e+003	2.212297e+003	2.945500e+003		
5.861840e+002	2.961001e+003	2.206513e+003	2.871154e+003	2.206592e+003	2.279895e+003	2.206513e+003	2.206513e+003	2.206513e+003	2.944615e+003		
5.860840e+002	2.982585e+003	2.200519e+003	2.875241e+003	2.200620e+003	2.265825e+003	2.200519e+003	2.200519e+003	2.200519e+003	2.940649e+003		
5.859840e+002	2.900043e+003	2.195115e+003	2.876189e+003	2.195244e+003	2.253017e+003	2.195115e+003	2.195115e+003	2.195115e+003	2.934220e+003		
5.858840e+002	2.890126e+003	2.189747e+003	2.873324e+003	2.189910e+003	2.240890e+003	2.189747e+003	2.189747e+003	2.189747e+003	2.924631e+003		
5.857840e+002	2.838501e+003	2.184736e+003	2.866565e+003	2.184942e+003	2.229807e+003	2.184735e+003	2.184735e+003	2.184735e+003	2.911843e+003		
5.856840e+002	2.821293e+003	2.179818e+003	2.855789e+003	2.180078e+003	2.219401e+003	2.179818e+003	2.179818e+003	2.179818e+003	2.895632e+003		
5.855840e+002	2.812835e+003	2.174929e+003	2.841294e+003	2.175255e+003	2.209567e+003	2.174929e+003	2.174929e+003	2.174929e+003	2.876258e+003		
5.854840e+002	2.831793e+003	2.169855e+003	2.823042e+003	2.170264e+003	2.200056e+003	2.169855e+003	2.169855e+003	2.169855e+003	2.853653e+003		
5.853840e+002	2.799418e+003	2.164992e+003	2.801566e+003	2.165504e+003	2.191229e+003	2.164992e+003	2.164992e+003	2.164992e+003	2.828316e+003		
5.852840e+002	2.757418e+003	2.160416e+003	2.776991e+003	2.161053e+003	2.183125e+003	2.160416e+003	2.160416e+003	2.160416e+003	2.800338e+003		
5.851840e+002	2.739043e+003	2.155946e+003	2.749884e+003	2.156737e+003	2.175574e+003	2.155946e+003	2.155946e+003	2.155946e+003	2.770303e+003		
5.850840e+002	2.680418e+003	2.151895e+003	2.720922e+003	2.152872e+003	2.168801e+003	2.151895e+003	2.151895e+003	2.151895e+003	2.738805e+003		
5.849840e+002	2.669334e+003	2.147899e+003	2.690123e+003	2.149103e+003	2.162408e+003	2.147898e+003	2.147898e+003	2.147898e+003	2.705839e+003		
5.848840e+002	2.641918e+003	2.144083e+003	2.657866e+003	2.145567e+003	2.156491e+003	2.144082e+003	2.144083e+003	2.144082e+003	2.671761e+003		
5.847840e+002	2.578334e+003	2.140729e+003	2.625019e+003	2.142550e+003	2.151301e+003	2.140728e+003	2.140731e+003	2.140728e+003	2.637419e+003		
5.846840e+002	2.572209e+003	2.137396e+003	2.591559e+003	2.139622e+003	2.146372e+003	2.137395e+003	2.137406e+003	2.137395e+003	2.602775e+003		
5.845840e+002	2.544501e+003	2.134252e+003	2.558008e+003	2.136963e+003	2.141866e+003	2.134250e+003	2.134280e+003	2.134250e+003	2.568368e+003		
5.844840e+002	2.511543e+003	2.131338e+003	2.524761e+003	2.134627e+003	2.137774e+003	2.131336e+003	2.131415e+003	2.131336e+003	2.534572e+003		
5.843840e+002	2.482376e+003	2.128628e+003	2.492150e+003	2.132612e+003	2.134048e+003	2.128624e+003	2.128821e+003	2.128624e+003	2.501761e+003		
5.842840e+002	2.459626e+003	2.126072e+003	2.460370e+003	2.130890e+003	2.130619e+003	2.126067e+003	2.126529e+003	2.126067e+003	2.470210e+003		
5.841840e+002	2.466918e+003	2.123441e+003	2.429411e+003	2.129244e+003	2.127241e+003	2.123435e+003	2.124452e+003	2.123435e+003	2.440050e+003		
5.840840e+002	2.419084e+003	2.121159e+003	2.399886e+003	2.128123e+003	2.124322e+003	2.121151e+003	2.123263e+003	2.121151e+003	2.412150e+003		
5.839840e+002	2.387001e+003	2.119109e+003	2.372026e+003	2.127436e+003	2.121739e+003	2.119097e+003	2.123225e+003	2.119097e+003	2.387144e+003		
5.838840e+002	2.365126e+003	2.117212e+003	2.345686e+003	2.127133e+003	2.119390e+003	2.117197e+003	2.124782e+003	2.117197e+003	2.365416e+003		
5.837840e+002	2.320793e+003	2.115644e+003	2.321117e+003	2.127442e+003	2.117438e+003	2.115624e+003	2.128681e+003	2.115624e+003	2.347825e+003		
5.836840e+002	2.321668e+003	2.114059e+003	2.298017e+003	2.128059e+003	2.115527e+003	2.114033e+003	2.134996e+003	2.114033e+003	2.334527e+003		
5.835840e+002	2.317584e+003	2.112495e+003	2.276596e+003	2.129047e+003	2.113687e+003	2.112460e+003	2.143694e+003	2.112460e+003	2.325678e+003		
5.834840e+002	2.259834e+003	2.111368e+003	2.257199e+003	2.130864e+003	2.112325e+003	2.111322e+003	2.154213e+003	2.111322e+003	2.320681e+003		
5.833840e+002	2.255459e+003	2.110269e+003	2.239306e+003	2.133150e+003	2.111029e+003	2.110209e+003	2.164075e+003	2.110209e+003	2.316996e+003		
5.832840e+002	2.295709e+003	2.108855e+003	2.222531e+003	2.135615e+003	2.109445e+003	2.108776e+003	2.170187e+003	2.108776e+003	2.311529e+003		
5.831840e+002	2.272959e+003	2.107610e+003	2.207357e+003	2.138840e+003	2.108051e+003	2.107508e+003	2.170694e+003	2.107508e+003	2.302522e+003		
5.830840e+002	2.257793e+003	2.106480e+003	2.193756e+003	2.142833e+003	2.106786e+003	2.106347e+003	2.164980e+003	2.106347e+003	2.289449e+003		
5.829840e+002	2.246709e+003	2.105436e+003	2.181464e+003	2.147594e+003	2.105617e+003	2.105263e+003	2.154489e+003	2.105263e+003	2.273550e+003		
5.828840e+002	2.204418e+003	2.104720e+003	2.170647e+003	2.153434e+003	2.104781e+003	2.104497e+003	2.142130e+003	2.104497e+003	2.257724e+003		
5.827840e+002	2.238543e+003	2.103747e+003	2.160639e+003	2.159833e+003	2.103690e+003	2.103461e+003	2.129861e+003	2.103461e+003	2.243925e+003		
5.826840e+002	2.224543e+003	2.102893e+003	2.151852e+003	2.167234e+003	2.102709e+003	2.102526e+003	2.119647e+003	2.102526e+003	2.234231e+003		
5.825840e+002	2.215793e+003	2.102121e+003	2.144045e+003	2.175745e+003	2.101797e+003	2.101651e+003	2.111980e+003	2.101651e+003	2.229084e+003		
5.824840e+002	2.247293e+003	2.101124e+003	2.136810e+003	2.185118e+003	2.100642e+003	2.100526e+003	2.106358e+003	2.100526e+003	2.227947e+003		
5.823840e+002	2.256626e+003	2.100077e+003	2.130240e+003	2.195541e+003	2.099412e+003	2.099320e+003	2.102409e+003	2.099320e+003	2.230397e+003		
5.822840e+002	2.324584e+003	2.098537e+003	2.123856e+003	2.206627e+003	2.097652e+003	2.097580e+003	2.099118e+003	2.097580e+003	2.235470e+003		
5.821840e+002	2.278209e+003	2.097393e+003	2.118463e+003	2.219316e+003	2.096242e+003	2.096185e+003	2.096905e+003	2.096185e+003	2.243579e+003		
5.820840e+002	2.265668e+003	2.096393e+003	2.113684e+003	2.233403e+003	2.094921e+003	2.094876e+003	2.095194e+003	2.094876e+003	2.254090e+003		
5.819840e+002	2.293668e+003	2.095236e+003	2.109150e+003	2.248729e+003	2.093375e+003	2.093340e+003	2.093472e+003	2.093340e+003	2.266601e+003		
5.818840e+002	2.305043e+003	2.094067e+003	2.104938e+003	2.265415e+003	2.091732e+003	2.091705e+003	2.091757e+003	2.091705e+003	2.281089e+003		
5.817840e+002	2.313501e+003	2.092935e+003	2.101064e+003	2.283432e+003	2.090013e+003	2.089992e+003	2.090011e+003	2.089992e+003	2.297487e+003		
5.816840e+002	2.322543e+003	2.091844e+003	2.097420e+003	2.302772e+003	2.088212e+003	2.088196e+003	2.088202e+003	2.088196e+003	2.315667e+003		
5.815840e+002	2.365126e+003	2.090557e+003	2.093707e+003	2.323152e+003	2.086069e+003	2.086056e+003	2.086059e+003	2.086056e+003	2.335318e+003		
5.814840e+002	2.336834e+003	2.089647e+003	2.090435e+003	2.345071e+003	2.084129e+003	2.084119e+003	2.084120e+003	2.084119e+003	2.356925e+003		
5.813840e+002	2.402168e+003	2.088454e+003	2.086871e+003	2.367833e+003	2.081670e+003	2.081663e+003	2.081663e+003	2.081663e+003	2.379840e+003		
5.812840e+002	2.458459e+003	2.087061e+003	2.083035e+003	2.391336e+003	2.078758e+003	2.078752e+003	2.078752e+003	2.078752e+003	2.403934e+003		
5.811840e+002	2.455543e+003	2.085961e+003	2.079348e+003	2.415843e+003	2.075846e+003	2.075842e+003	2.075842e+003	2.075842e+003	2.429473e+003		
5.810840e+002	2.454084e+003	2.085189e+003	2.075776e+003	2.441177e+003	2.072923e+003	2.072920e+003	2.072920e+003	2.072920e+003	2.456306e+003		
5.809840e+002	2.493168e+003	2.084520e+003	2.071994e+003	2.466824e+003	2.069676e+003	2.069674e+003	2.069674e+003	2.069674e+003	2.483992e+003		
5.808840e+002	2.513584e+003	2.084171e+003	2.068128e+003	2.492698e+003	2.066247e+003	2.066245e+003	2.066245e+003	2.066245e+003	2.512509e+003		
5.807840e+002	2.549168e+003	2.084061e+003	2.064036e+003	2.518406e+003	2.062516e+003	2.062514e+003	2.062514e+003	2.062514e+003	2.541476e+003		
5.806840e+002	2.528459e+003	2.084700e+003	2.060139e+003	2.544042e+003	2.058916e+003	2.058915e+003	2.058915e+003	2.058915e+003	2.571052e+003		
5.805840e+002	2.583584e+003	2.085601e+003	2.055842e+003	2.568698e+003	2.054863e+003	2.054863e+003	2.054863e+003	2.054863e+003	2.600416e+003		
5.804840e+002	2.583001e+003	2.087402e+003	2.051567e+003	2.592465e+003	2.050784e+003	2.050783e+003	2.050783e+003	2.050783e+003	2.629869e+003		
5.803840e+002	2.643376e+003	2.089635e+003	2.046831e+003	2.614521e+003	2.046206e+003	2.046206e+003	2.046206e+003	2.046206e+003	2.658577e+003		
5.802840e+002	2.693834e+003	2.092487e+003	2.041700e+003	2.634585e+003	2.041203e+003	2.041203e+003	2.041203e+003	2.041203e+003	2.686366e+003		
5.801840e+002	2.735834e+003	2.096143e+003	2.036230e+003	2.652158e+003	2.035838e+003	2.035837e+003	2.035837e+003	2.035837e+003	2.712856e+003		
5.800840e+002	2.716876e+003	2.101361e+003	2.030886e+003	2.667433e+003	2.030577e+003	2.030577e+003	2.030577e+003	2.030577e+003	2.738527e+003		
5.799840e+002	2.758293e+003	2.107758e+003	2.025199e+003	2.679696e+003	2.024956e+003	2.024956e+003	2.024956e+003	2.024956e+003	2.762742e+003		
5.798840e+002	2.792709e+003	2.115470e+003	2.019216e+003	2.688714e+003	2.019025e+003	2.019025e+003	2.019025e+003	2.019025e+003	2.785350e+003		
5.797840e+002	2.793584e+003	2.124908e+003	2.013191e+003	2.694498e+003	2.013042e+003	2.013042e+003	2.013042e+003	2.013042e+003	2.806513e+003		
5.796840e+002	2.845210e+003	2.135941e+003	2.006730e+003	2.696458e+003	2.006614e+003	2.006614e+003	2.006614e+003	2.006614e+003	2.825900e+003		
5.795840e+002	2.867376e+003	2.149103e+003	2.000055e+003	2.694324e+003	1.999965e+003	1.999965e+003	1.999965e+003	1.999965e+003	2.843551e+003		
5.794840e+002	2.862126e+003	2.164550e+003	1.993375e+003	2.688450e+003	1.993305e+003	1.993305e+003	1.993305e+003	1.993305e+003	2.859764e+003		
5.793840e+002	2.870001e+003	2.182333e+003	1.986587e+003	2.678830e+003	1.986533e+003	1.986533e+003	1.986533e+003	1.986533e+003	2.874683e+003		
5.792840e+002	2.879918e+003	2.202580e+003	1.979674e+003	2.665498e+003	1.979633e+003	1.979633e+003	1.979633e+003	1.979633e+003	2.888486e+003		
5.791840e+002	2.937085e+003	2.225467e+003	1.972268e+003	2.648197e+003	1.972237e+003	1.972237e+003	1.972237e+003	1.972237e+003	2.901458e+003		
5.790840e+002	2.881085e+003	2.251627e+003	1.965240e+003	2.627964e+003	1.965216e+003	1.965216e+003	1.965216e+003	1.965216e+003	2.914399e+003		
5.789840e+002	2.925126e+003	2.280343e+003	1.957820e+003	2.603962e+003	1.957802e+003	1.957802e+003	1.957802e+003	1.957802e+003	2.926521e+003		
5.788840e+002	2.910251e+003	2.312119e+003	1.950458e+003	2.577174e+003	1.950445e+003	1.950445e+003	1.950445e+003	1.950445e+003	2.938863e+003		
5.787840e+002	2.921043e+003	2.347029e+003	1.942958e+003	2.547787e+003	1.942947e+003	1.942947e+003	1.942947e+003	1.942947e+003	2.951880e+003		
5.786840e+002	2.896835e+003	2.385274e+003	1.935587e+003	2.516400e+003	1.935579e+003	1.935579e+003	1.935579e+003	1.935579e+003	2.966103e+003		
5.785840e+002	2.940585e+003	2.426021e+003	1.927822e+003	2.482836e+003	1.927816e+003	1.927816e+003	1.927816e+003	1.927816e+003	2.981048e+003		
5.784840e+002	2.975001e+003	2.469197e+003	1.919731e+003	2.447520e+003	1.919727e+003	1.919727e+003	1.919727e+003	1.919727e+003	2.996994e+003		
5.783840e+002	2.986668e+003	2.514823e+003	1.911489e+003	2.410901e+003	1.911486e+003	1.911486e+003	1.911486e+003	1.911486e+003	3.014242e+003		
5.782840e+002	3.022251e+003	2.562643e+003	1.902908e+003	2.373270e+003	1.902905e+003	1.902905e+003	1.902905e+003	1.902905e+003	3.033010e+003		
5.781840e+002	3.087585e+003	2.611729e+003	1.893756e+003	2.334740e+003	1.893755e+003	1.893755e+003	1.893755e+003	1.893755e+003	3.052717e+003		
5.780840e+002	3.038293e+003	2.662531e+003	1.884915e+003	2.296497e+003	1.884914e+003	1.884914e+003	1.884914e+003	1.884914e+003	3.074116e+003		
5.779840e+002	3.052876e+003	2.714057e+003	1.875893e+003	2.258326e+003	1.875892e+003	1.875892e+003	1.875892e+003	1.875892e+003	3.096492e+003		
5.778840e+002	3.121126e+003	2.765283e+003	1.866274e+003	2.220062e+003	1.866273e+003	1.866273e+003	1.866273e+003	1.866273e+003	3.119073e+003		
5.777840e+002	3.110918e+003	2.816041e+003	1.856659e+003	2.182624e+003	1.856659e+003	1.856659e+003	1.856659e+003	1.856659e+003	3.142007e+003		
5.776840e+002	3.139793e+003	2.865316e+003	1.846748e+003	2.145846e+003	1.846747e+003	1.846747e+003	1.846747e+003	1.846747e+003	3.164415e+003		
5.775840e+002	3.185293e+003	2.912232e+003	1.836408e+003	2.109731e+003	1.836408e+003	1.836408e+003	1.836408e+003	1.836408e+003	3.185555e+003		
5.774840e+002	3.210960e+003	2.955964e+003	1.825790e+003	2.074546e+003	1.825790e+003	1.825790e+003	1.825790e+003	1.825790e+003	3.204720e+003		
5.773840e+002	3.175960e+003	2.995904e+003	1.815361e+003	2.040847e+003	1.815361e+003	1.815361e+003	1.815361e+003	1.815361e+003	3.221390e+003		
5.772840e+002	3.180335e+003	3.031266e+003	1.804817e+003	2.008391e+003	1.804817e+003	1.804817e+003	1.804817e+003	1.804817e+003	3.234840e+003		
5.771840e+002	3.253251e+003	3.060787e+003	1.793629e+003	1.976847e+003	1.793629e+003	1.793629e+003	1.793629e+003	1.793629e+003	3.244005e+003		
5.770840e+002	3.253543e+003	3.084345e+003	1.782352e+003	1.946641e+003	1.782352e+003	1.782352e+003	1.782352e+003	1.782352e+003	3.248635e+003		
5.769840e+002	3.198710e+003	3.100694e+003	1.771411e+003	1.918174e+003	1.771411e+003	1.771411e+003	1.771411e+003	1.771411e+003	3.247456e+003		
5.768840e+002	3.202793e+003	3.109800e+003	1.760355e+003	1.890968e+003	1.760355e+003	1.760355e+003	1.760355e+003	1.760355e+003	3.240413e+003		
5.767840e+002	3.202210e+003	3.111364e+003	1.749217e+003	1.865021e+003	1.749217e+003	1.749217e+003	1.749217e+003	1.749217e+003	3.227169e+003		
5.766840e+002	3.228751e+003	3.104944e+003	1.737789e+003	1.840076e+003	1.737789e+003	1.737789e+003	1.737789e+003	1.737789e+003	3.207231e+003		
5.765840e+002	3.174501e+003	3.090349e+003	1.726691e+003	1.816834e+003	1.726691e+003	1.726691e+003	1.726691e+003	1.726691e+003	3.180493e+003		
5.764840e+002	3.125793e+003	3.067825e+003	1.715884e+003	1.795049e+003	1.715884e+003	1.715884e+003	1.715884e+003	1.715884e+003	3.146990e+003		
5.763840e+002	3.104501e+003	3.037888e+003	1.705157e+003	1.774433e+003	1.705157e+003	1.705157e+003	1.705157e+003	1.705157e+003	3.107163e+003		
5.762840e+002	3.089626e+003	3.000837e+003	1.694463e+003	1.754866e+003	1.694463e+003	1.694463e+003	1.694463e+003	1.694463e+003	3.061240e+003		
5.761840e+002	3.031876e+003	2.957281e+003	1.684132e+003	1.736607e+003	1.684132e+003	1.684132e+003	1.684132e+003	1.684132e+003	3.009756e+003		
5.760840e+002	2.979376e+003	2.907277e+003	1.674127e+003	1.719547e+003	1.674127e+003	1.674127e+003	1.674127e+003	1.674127e+003	2.952697e+003		
5.759840e+002	2.961001e+003	2.852063e+003	1.664187e+003	1.703442e+003	1.664187e+003	1.664187e+003	1.664187e+003	1.664187e+003	2.891318e+003		
5.758840e+002	2.940585e+003	2.792382e+003	1.654328e+003	1.688139e+003	1.654328e+003	1.654328e+003	1.654328e+003	1.654328e+003	2.826194e+003		
5.757840e+002	2.834126e+003	2.729665e+003	1.645214e+003	1.674234e+003	1.645214e+003	1.645215e+003	1.645214e+003	1.645214e+003	2.758685e+003		
5.756840e+002	2.730876e+003	2.664396e+003	1.636828e+003	1.661646e+003	1.636828e+003	1.636831e+003	1.636828e+003	1.636828e+003	2.689216e+003		
5.755840e+002	2.648918e+003	2.597592e+003	1.629010e+003	1.650158e+003	1.629010e+003	1.629018e+003	1.629010e+003	1.629010e+003	2.618747e+003		
5.754840e+002	2.565209e+003	2.530107e+003	1.621779e+003	1.639732e+003	1.621779e+003	1.621800e+003	1.621779e+003	1.621779e+003	2.548082e+003		
5.753840e+002	2.511543e+003	2.462421e+003	1.614906e+003	1.630137e+003	1.614906e+003	1.614966e+003	1.614906e+003	1.614906e+003	2.477712e+003		
5.752840e+002	2.384959e+003	2.395808e+003	1.608958e+003	1.621834e+003	1.608958e+003	1.609116e+003	1.608958e+003	1.608958e+003	2.408842e+003		
5.751840e+002	2.317584e+003	2.330535e+003	1.603484e+003	1.614331e+003	1.603484e+003	1.603878e+003	1.603484e+003	1.603484e+003	2.341776e+003		
5.750840e+002	2.268293e+003	2.266955e+003	1.598349e+003	1.607453e+003	1.598349e+003	1.599271e+003	1.598349e+003	1.598349e+003	2.276981e+003		
5.749840e+002	2.224834e+003	2.205462e+003	1.593509e+003	1.601122e+003	1.593509e+003	1.595543e+003	1.593509e+003	1.593509e+003	2.215109e+003		
5.748840e+002	2.101168e+003	2.147058e+003	1.589588e+003	1.595931e+003	1.589588e+003	1.593812e+003	1.589588e+003	1.589588e+003	2.157625e+003		
5.747840e+002	2.056543e+003	2.091838e+003	1.585981e+003	1.591265e+003	1.585981e+003	1.594235e+003	1.585981e+003	1.585981e+003	2.105376e+003		
5.746840e+002	2.023584e+003	2.039580e+003	1.582601e+003	1.586987e+003	1.582601e+003	1.597772e+003	1.582601e+003	1.582601e+003	2.059137e+003		
5.745840e+002	1.990917e+003	1.990432e+003	1.579447e+003	1.583074e+003	1.579447e+003	1.605560e+003	1.579447e+003	1.579447e+003	2.020172e+003		
5.744840e+002	2.016001e+003	1.944043e+003	1.576075e+003	1.579064e+003	1.576075e+003	1.618002e+003	1.576075e+003	1.576075e+003	1.988958e+003		
5.743840e+002	2.017751e+003	1.900935e+003	1.572663e+003	1.575116e+003	1.572663e+003	1.635131e+003	1.572663e+003	1.572663e+003	1.965856e+003		
5.742840e+002	1.981292e+003	1.861261e+003	1.569507e+003	1.571513e+003	1.569507e+003	1.655289e+003	1.569507e+003	1.569507e+003	1.949050e+003		
5.741840e+002	1.975459e+003	1.824566e+003	1.566371e+003	1.568012e+003	1.566371e+003	1.674104e+003	1.566371e+003	1.566371e+003	1.933941e+003		
5.740840e+002	1.903417e+003	1.791278e+003	1.563767e+003	1.565105e+003	1.563767e+003	1.686590e+003	1.563767e+003	1.563767e+003	1.915439e+003		
5.739840e+002	1.900209e+003	1.760868e+003	1.561169e+003	1.562255e+003	1.561169e+003	1.687542e+003	1.561169e+003	1.561169e+003	1.888328e+003		
5.738840e+002	1.858792e+003	1.733689e+003	1.558870e+003	1.559749e+003	1.558870e+003	1.676136e+003	1.558870e+003	1.558870e+003	1.851834e+003		
5.737840e+002	1.847709e+003	1.709042e+003	1.556638e+003	1.557347e+003	1.556638e+003	1.655092e+003	1.556638e+003	1.556638e+003	1.808203e+003		
5.736840e+002	1.761376e+003	1.687358e+003	1.555057e+003	1.555626e+003	1.555057e+003	1.630323e+003	1.555057e+003	1.555057e+003	1.763192e+003		
5.735840e+002	1.716459e+003	1.668165e+003	1.553810e+003	1.554267e+003	1.553810e+003	1.606610e+003	1.553810e+003	1.553810e+003	1.721422e+003		
5.734840e+002	1.689334e+003	1.651415e+003	1.552763e+003	1.553129e+003	1.552763e+003	1.587006e+003	1.552763e+003	1.552763e+003	1.686023e+003		
5.733840e+002	1.668917e+003	1.636655e+003	1.551866e+003	1.552158e+003	1.551866e+003	1.572525e+003	1.551866e+003	1.551866e+003	1.657605e+003		
5.732840e+002	1.673876e+003	1.623491e+003	1.550924e+003	1.551155e+003	1.550924e+003	1.562587e+003	1.550924e+003	1.550924e+003	1.635386e+003		
5.731840e+002	1.629834e+003	1.612154e+003	1.550314e+003	1.550497e+003	1.550314e+003	1.556491e+003	1.550314e+003	1.550314e+003	1.618514e+003		
5.730840e+002	1.621376e+003	1.602317e+003	1.549765e+003	1.549910e+003	1.549765e+003	1.552840e+003	1.549765e+003	1.549765e+003	1.605536e+003		
5.729840e+002	1.556626e+003	1.594267e+003	1.549712e+003	1.549826e+003	1.549712e+003	1.551153e+003	1.549712e+003	1.549712e+003	1.595822e+003		
5.728840e+002	1.581709e+003	1.587081e+003	1.549465e+003	1.549555e+003	1.549465e+003	1.550100e+003	1.549465e+003	1.549465e+003	1.587806e+003		
5.727840e+002	1.567709e+003	1.580943e+003	1.549324e+003	1.549394e+003	1.549324e+003	1.549588e+003	1.549324e+003	1.549324e+003	1.581277e+003		
5.726840e+002	1.557501e+003	1.575727e+003	1.549261e+003	1.549316e+003	1.549261e+003	1.549364e+003	1.549261e+003	1.549261e+003	1.575885e+003		
5.725840e+002	1.562459e+003	1.571303e+003	1.549159e+003	1.549202e+003	1.549159e+003	1.549197e+003	1.549159e+003	1.549159e+003	1.571383e+003		
5.724840e+002	1.557209e+003	1.567545e+003	1.549097e+003	1.549130e+003	1.549097e+003	1.549110e+003	1.549097e+003	1.549097e+003	1.567591e+003		
5.723840e+002	1.567126e+003	1.564259e+003	1.548958e+003	1.548983e+003	1.548958e+003	1.548962e+003	1.548958e+003	1.548958e+003	1.564288e+003		
5.722840e+002	1.560126e+003	1.561503e+003	1.548871e+003	1.548891e+003	1.548871e+003	1.548873e+003	1.548871e+003	1.548871e+003	1.561524e+003		
5.721840e+002	1.528917e+003	1.559136e+003	1.548720e+003	1.548735e+003	1.548720e+003	1.548720e+003	1.548720e+003	1.548720e+003	1.559152e+003		
5.720840e+002	1.567709e+003	1.557139e+003	1.548573e+003	1.548584e+003	1.548573e+003	1.548573e+003	1.548573e+003	1.548573e+003	1.557150e+003		
5.719840e+002	1.564792e+003	1.555460e+003	1.548448e+003	1.548456e+003	1.548448e+003	1.548448e+003	1.548448e+003	1.548448e+003	1.555468e+003		
5.718840e+002	1.547584e+003	1.554154e+003	1.548441e+003	1.548448e+003	1.548441e+003	1.548441e+003	1.548441e+003	1.548441e+003	1.554161e+003		
5.717840e+002	1.543209e+003	1.553041e+003	1.548401e+003	1.548406e+003	1.548401e+003	1.548401e+003	1.548401e+003	1.548401e+003	1.553046e+003		
5.716840e+002	1.549626e+003	1.552159e+003	1.548392e+003	1.548396e+003	1.548392e+003	1.548392e+003	1.548392e+003	1.548392e+003	1.552162e+003		
5.715840e+002	1.547292e+003	1.551427e+003	1.548383e+003	1.548386e+003	1.548383e+003	1.548383e+003	1.548383e+003	1.548383e+003	1.551430e+003		
5.714840e+002	1.540292e+003	1.550770e+003	1.548322e+003	1.548324e+003	1.548322e+003	1.548322e+003	1.548322e+003	1.548322e+003	1.550772e+003		
5.713840e+002	1.553126e+003	1.550243e+003	1.548285e+003	1.548286e+003	1.548285e+003	1.548285e+003	1.548285e+003	1.548285e+003	1.550245e+003		
5.712840e+002	1.547876e+003	1.549850e+003	1.548282e+003	1.548283e+003	1.548282e+003	1.548282e+003	1.548282e+003	1.548282e+003	1.549852e+003		
5.711840e+002	1.529501e+003	1.549390e+003	1.548139e+003	1.548140e+003	1.548139e+003	1.548139e+003	1.548139e+003	1.548139e+003	1.549391e+003		
5.710840e+002	1.575292e+003	1.548923e+003	1.547929e+003	1.547930e+003	1.547929e+003	1.547929e+003	1.547929e+003	1.547929e+003	1.548923e+003		
5.709840e+002	1.540876e+003	1.548660e+003	1.547875e+003	1.547876e+003	1.547875e+003	1.547875e+003	1.547875e+003	1.547875e+003	1.548661e+003		
5.708840e+002	1.543209e+003	1.548459e+003	1.547840e+003	1.547840e+003	1.547840e+003	1.547840e+003	1.547840e+003	1.547840e+003	1.548459e+003		
5.707840e+002	1.518417e+003	1.548104e+003	1.547616e+003	1.547616e+003	1.547616e+003	1.547616e+003	1.547616e+003	1.547616e+003	1.548104e+003		
5.706840e+002	1.526584e+003	1.547838e+003	1.547456e+003	1.547456e+003	1.547456e+003	1.547456e+003	1.547456e+003	1.547456e+003	1.547838e+003		
5.705840e+002	1.514626e+003	1.547504e+003	1.547206e+003	1.547207e+003	1.547206e+003	1.547206e+003	1.547206e+003	1.547206e+003	1.547504e+003		
5.704840e+002	1.543501e+003	1.547409e+003	1.547178e+003	1.547178e+003	1.547178e+003	1.547178e+003	1.547178e+003	1.547178e+003	1.547409e+003		
5.703840e+002	1.534459e+003	1.547261e+003	1.547081e+003	1.547082e+003	1.547081e+003	1.547081e+003	1.547081e+003	1.547081e+003	1.547261e+003		
5.702840e+002	1.539126e+003	1.547160e+003	1.547021e+003	1.547021e+003	1.547021e+003	1.547021e+003	1.547021e+003	1.547021e+003	1.547160e+003		
5.701840e+002	1.529209e+003	1.546992e+003	1.546885e+003	1.546885e+003	1.546885e+003	1.546885e+003	1.546885e+003	1.546885e+003	1.546993e+003		
5.700840e+002	1.541459e+003	1.546926e+003	1.546844e+003	1.546844e+003	1.546844e+003	1.546844e+003	1.546844e+003	1.546844e+003	1.546926e+003		
5.699840e+002	1.544376e+003	1.546888e+003	1.546825e+003	1.546825e+003	1.546825e+003	1.546825e+003	1.546825e+003	1.546825e+003	1.546888e+003		
5.698840e+002	1.547584e+003	1.546867e+003	1.546820e+003	1.546820e+003	1.546820e+003	1.546820e+003	1.546820e+003	1.546820e+003	1.546867e+003		
5.697840e+002	1.581417e+003	1.546589e+003	1.546552e+003	1.546552e+003	1.546552e+003	1.546552e+003	1.546552e+003	1.546552e+003	1.546589e+003		
5.696840e+002	1.568001e+003	1.546414e+003	1.546387e+003	1.546387e+003	1.546387e+003	1.546387e+003	1.546387e+003	1.546387e+003	1.546414e+003		
5.695840e+002	1.538251e+003	1.546345e+003	1.546325e+003	1.546325e+003	1.546325e+003	1.546325e+003	1.546325e+003	1.546325e+003	1.546345e+003		
5.694840e+002	1.555167e+003	1.546272e+003	1.546256e+003	1.546256e+003	1.546256e+003	1.546256e+003	1.546256e+003	1.546256e+003	1.546272e+003		
5.693840e+002	1.548751e+003	1.546249e+003	1.546237e+003	1.546237e+003	1.546237e+003	1.546237e+003	1.546237e+003	1.546237e+003	1.546249e+003		
5.692840e+002	1.526876e+003	1.546099e+003	1.546090e+003	1.546090e+003	1.546090e+003	1.546090e+003	1.546090e+003	1.546090e+003	1.546099e+003		
5.691840e+002	1.528626e+003	1.545963e+003	1.545957e+003	1.545957e+003	1.545957e+003	1.545957e+003	1.545957e+003	1.545957e+003	1.545963e+003		
5.690840e+002	1.556917e+003	1.545877e+003	1.545872e+003	1.545872e+003	1.545872e+003	1.545872e+003	1.545872e+003	1.545872e+003	1.545877e+003		
5.689840e+002	1.558084e+003	1.545782e+003	1.545778e+003	1.545778e+003	1.545778e+003	1.545778e+003	1.545778e+003	1.545778e+003	1.545782e+003		
5.688840e+002	1.527751e+003	1.545644e+003	1.545641e+003	1.545641e+003	1.545641e+003	1.545641e+003	1.545641e+003	1.545641e+003	1.545644e+003		
5.687840e+002	1.502667e+003	1.545316e+003	1.545314e+003	1.545314e+003	1.545314e+003	1.545314e+003	1.545314e+003	1.545314e+003	1.545316e+003		
5.686840e+002	1.505001e+003	1.545009e+003	1.545007e+003	1.545007e+003	1.545007e+003	1.545007e+003	1.545007e+003	1.545007e+003	1.545009e+003		
5.685840e+002	1.501209e+003	1.544675e+003	1.544674e+003	1.544674e+003	1.544674e+003	1.544674e+003	1.544674e+003	1.544674e+003	1.544675e+003		
5.684840e+002	1.525417e+003	1.544528e+003	1.544528e+003	1.544528e+003	1.544528e+003	1.544528e+003	1.544528e+003	1.544528e+003	1.544528e+003		
5.683840e+002	1.546709e+003	1.544511e+003	1.544511e+003	1.544511e+003	1.544511e+003	1.544511e+003	1.544511e+003	1.544511e+003	1.544511e+003		
5.682840e+002	1.535917e+003	1.544446e+003	1.544445e+003	1.544445e+003	1.544445e+003	1.544445e+003	1.544445e+003	1.544445e+003	1.544446e+003		
5.681840e+002	1.559542e+003	1.544329e+003	1.544329e+003	1.544329e+003	1.544329e+003	1.544329e+003	1.544329e+003	1.544329e+003	1.544329e+003		
5.680840e+002	1.548751e+003	1.544295e+003	1.544295e+003	1.544295e+003	1.544295e+003	1.544295e+003	1.544295e+003	1.544295e+003	1.544295e+003		
5.679840e+002	1.538542e+003	1.544251e+003	1.544251e+003	1.544251e+003	1.544251e+003	1.544251e+003	1.544251e+003	1.544251e+003	1.544251e+003		
5.678840e+002	1.526001e+003	1.544112e+003	1.544112e+003	1.544112e+003	1.544112e+003	1.544112e+003	1.544112e+003	1.544112e+003	1.544112e+003		
5.677840e+002	1.539417e+003	1.544076e+003	1.544076e+003	1.544076e+003	1.544076e+003	1.544076e+003	1.544076e+003	1.544076e+003	1.544076e+003		
5.676840e+002	1.542334e+003	1.544063e+003	1.544063e+003	1.544063e+003	1.544063e+003	1.544063e+003	1.544063e+003	1.544063e+003	1.544063e+003		
5.675840e+002	1.543792e+003	1.544061e+003	1.544061e+003	1.544061e+003	1.544061e+003	1.544061e+003	1.544061e+003	1.544061e+003	1.544061e+003		
5.674840e+002	1.520751e+003	1.543884e+003	1.543884e+003	1.543884e+003	1.543884e+003	1.543884e+003	1.543884e+003	1.543884e+003	1.543884e+003		
5.673840e+002	1.535042e+003	1.543817e+003	1.543816e+003	1.543816e+003	1.543816e+003	1.543816e+003	1.543816e+003	1.543816e+003	1.543817e+003		
5.672840e+002	1.526292e+003	1.543683e+003	1.543683e+003	1.543683e+003	1.543683e+003	1.543683e+003	1.543683e+003	1.543683e+003	1.543683e+003		
5.671840e+002	1.546709e+003	1.543660e+003	1.543660e+003	1.543660e+003	1.543660e+003	1.543660e+003	1.543660e+003	1.543660e+003	1.543660e+003		
5.670840e+002	1.542626e+003	1.543652e+003	1.543652e+003	1.543652e+003	1.543652e+003	1.543652e+003	1.543652e+003	1.543652e+003	1.543652e+003		
5.669840e+002	1.516084e+003	1.543442e+003	1.543442e+003	1.543442e+003	1.543442e+003	1.543442e+003	1.543442e+003	1.543442e+003	1.543442e+003		
5.668840e+002	1.519292e+003	1.543259e+003	1.543259e+003	1.543259e+003	1.543259e+003	1.543259e+003	1.543259e+003	1.543259e+003	1.543259e+003		
5.667840e+002	1.541751e+003	1.543247e+003	1.543247e+003	1.543247e+003	1.543247e+003	1.543247e+003	1.543247e+003	1.543247e+003	1.543247e+003		
5.666840e+002	1.539417e+003	1.543218e+003	1.543218e+003	1.543218e+003	1.543218e+003	1.543218e+003	1.543218e+003	1.543218e+003	1.543218e+003		
5.665840e+002	1.494792e+003	1.542850e+003	1.542850e+003	1.542850e+003	1.542850e+003	1.542850e+003	1.542850e+003	1.542850e+003	1.542850e+003		
5.664840e+002	1.537959e+003	1.542812e+003	1.542812e+003	1.542812e+003	1.542812e+003	1.542812e+003	1.542812e+003	1.542812e+003	1.542812e+003		
5.663840e+002	1.544376e+003	1.542800e+003	1.542800e+003	1.542800e+003	1.542800e+003	1.542800e+003	1.542800e+003	1.542800e+003	1.542800e+003		
5.662840e+002	1.513459e+003	1.542577e+003	1.542577e+003	1.542577e+003	1.542577e+003	1.542577e+003	1.542577e+003	1.542577e+003	1.542577e+003		
5.661840e+002	1.555751e+003	1.542475e+003	1.542475e+003	1.542475e+003	1.542475e+003	1.542475e+003	1.542475e+003	1.542475e+003	1.542475e+003		
5.660840e+002	1.547584e+003	1.542436e+003	1.542436e+003	1.542436e+003	1.542436e+003	1.542436e+003	1.542436e+003	1.542436e+003	1.542436e+003		
5.659840e+002	1.556917e+003	1.542324e+003	1.542324e+003	1.542324e+003	1.542324e+003	1.542324e+003	1.542324e+003	1.542324e+003	1.542324e+003		
5.658840e+002	1.528626e+003	1.542220e+003	1.542220e+003	1.542220e+003	1.542220e+003	1.542220e+003	1.542220e+003	1.542220e+003	1.542220e+003		
5.657840e+002	1.532126e+003	1.542143e+003	1.542143e+003	1.542143e+003	1.542143e+003	1.542143e+003	1.542143e+003	1.542143e+003	1.542143e+003		
5.656840e+002	1.531834e+003	1.542065e+003	1.542065e+003	1.542065e+003	1.542065e+003	1.542065e+003	1.542065e+003	1.542065e+003	1.542065e+003		
5.655840e+002	1.522209e+003	1.541914e+003	1.541914e+003	1.541914e+003	1.541914e+003	1.541914e+003	1.541914e+003	1.541914e+003	1.541914e+003		
5.654840e+002	1.540876e+003	1.541906e+003	1.541906e+003	1.541906e+003	1.541906e+003	1.541906e+003	1.541906e+003	1.541906e+003	1.541906e+003		
5.653840e+002	1.538542e+003	1.541880e+003	1.541880e+003	1.541880e+003	1.541880e+003	1.541880e+003	1.541880e+003	1.541880e+003	1.541880e+003		
5.652840e+002	1.536792e+003	1.541841e+003	1.541841e+003	1.541841e+003	1.541841e+003	1.541841e+003	1.541841e+003	1.541841e+003	1.541841e+003		
5.651840e+002	1.547001e+003	1.541802e+003	1.541802e+003	1.541802e+003	1.541802e+003	1.541802e+003	1.541802e+003	1.541802e+003	1.541802e+003		
5.650840e+002	1.539709e+003	1.541786e+003	1.541786e+003	1.541786e+003	1.541786e+003	1.541786e+003	1.541786e+003	1.541786e+003	1.541786e+003		
5.649840e+002	1.570917e+003	1.541561e+003	1.541561e+003	1.541561e+003	1.541561e+003	1.541561e+003	1.541561e+003	1.541561e+003	1.541561e+003		
5.648840e+002	1.555459e+003	1.541453e+003	1.541453e+003	1.541453e+003	1.541453e+003	1.541453e+003	1.541453e+003	1.541453e+003	1.541453e+003		
5.647840e+002	1.522501e+003	1.541309e+003	1.541309e+003	1.541309e+003	1.541309e+003	1.541309e+003	1.541309e+003	1.541309e+003	1.541309e+003		
5.646840e+002	1.540001e+003	1.541299e+003	1.541299e+003	1.541299e+003	1.541299e+003	1.541299e+003	1.541299e+003	1.541299e+003	1.541299e+003		
5.645840e+002	1.556042e+003	1.541185e+003	1.541185e+003	1.541185e+003	1.541185e+003	1.541185e+003	1.541185e+003	1.541185e+003	1.541185e+003		
5.644840e+002	1.546709e+003	1.541143e+003	1.541143e+003	1.541143e+003	1.541143e+003	1.541143e+003	1.541143e+003	1.541143e+003	1.541143e+003		
5.643840e+002	1.559251e+003	1.541003e+003	1.541003e+003	1.541003e+003	1.541003e+003	1.541003e+003	1.541003e+003	1.541003e+003	1.541003e+003		
5.642840e+002	1.529792e+003	1.540917e+003	1.540917e+003	1.540917e+003	1.540917e+003	1.540917e+003	1.540917e+003	1.540917e+003	1.540917e+003		
5.641840e+002	1.548751e+003	1.540857e+003	1.540857e+003	1.540857e+003	1.540857e+003	1.540857e+003	1.540857e+003	1.540857e+003	1.540857e+003		
5.640840e+002	1.531251e+003	1.540784e+003	1.540784e+003	1.540784e+003	1.540784e+003	1.540784e+003	1.540784e+003	1.540784e+003	1.540784e+003		
5.639840e+002	1.529501e+003	1.540698e+003	1.540698e+003	1.540698e+003	1.540698e+003	1.540698e+003	1.540698e+003	1.540698e+003	1.540698e+003		
5.638840e+002	1.525709e+003	1.540584e+003	1.540584e+003	1.540584e+003	1.540584e+003	1.540584e+003	1.540584e+003	1.540584e+003	1.540584e+003		
5.637840e+002	1.566542e+003	1.566542e+003	1.566542e+003	1.566542e+003	1.566542e+003	1.566542e+003	1.566542e+003	1.566542e+003	1.566542e+003		
5.636840e+002	1.552542e+003	1.552542e+003	1.552542e+003	1.552542e+003	1.552542e+003	1.552542e+003	1.552542e+003	1.552542e+003	1.552542e+003		
5.635840e+002	1.555459e+003	1.555459e+003	1.555459e+003	1.555459e+003	1.555459e+003	1.555459e+003	1.555459e+003	1.555459e+003	1.555459e+003		
5.634840e+002	1.533292e+003	1.533292e+003	1.533292e+003	1.533292e+003	1.533292e+003	1.533292e+003	1.533292e+003	1.533292e+003	1.533292e+003		
5.633840e+002	1.530084e+003	1.530084e+003	1.530084e+003	1.530084e+003	1.530084e+003	1.530084e+003	1.530084e+003	1.530084e+003	1.530084e+003		
5.632840e+002	1.561584e+003	1.561584e+003	1.561584e+003	1.561584e+003	1.561584e+003	1.561584e+003	1.561584e+003	1.561584e+003	1.561584e+003		
5.631840e+002	1.570042e+003	1.570042e+003	1.570042e+003	1.570042e+003	1.570042e+003	1.570042e+003	1.570042e+003	1.570042e+003	1.570042e+003		
5.630840e+002	1.548167e+003	1.548167e+003	1.548167e+003	1.548167e+003	1.548167e+003	1.548167e+003	1.548167e+003	1.548167e+003	1.548167e+003		
5.629840e+002	1.557209e+003	1.557209e+003	1.557209e+003	1.557209e+003	1.557209e+003	1.557209e+003	1.557209e+003	1.557209e+003	1.557209e+003		
5.628840e+002	1.562167e+003	1.562167e+003	1.562167e+003	1.562167e+003	1.562167e+003	1.562167e+003	1.562167e+003	1.562167e+003	1.562167e+003		
5.627840e+002	1.554876e+003	1.554876e+003	1.554876e+003	1.554876e+003	1.554876e+003	1.554876e+003	1.554876e+003	1.554876e+003	1.554876e+003		
5.626840e+002	1.554876e+003	1.554876e+003	1.554876e+003	1.554876e+003	1.554876e+003	1.554876e+003	1.554876e+003	1.554876e+003	1.554876e+003		
5.625840e+002	1.547001e+003	1.547001e+003	1.547001e+003	1.547001e+003	1.547001e+003	1.547001e+003	1.547001e+003	1.547001e+003	1.547001e+003		
5.624840e+002	1.597751e+003	1.597751e+003	1.597751e+003	1.597751e+003	1.597751e+003	1.597751e+003	1.597751e+003	1.597751e+003	1.597751e+003		
5.623840e+002	1.566542e+003	1.566542e+003	1.566542e+003	1.566542e+003	1.566542e+003	1.566542e+003	1.566542e+003	1.566542e+003	1.566542e+003		
5.622840e+002	1.585501e+003	1.585501e+003	1.585501e+003	1.585501e+003	1.585501e+003	1.585501e+003	1.585501e+003	1.585501e+003	1.585501e+003		
5.621840e+002	1.589876e+003	1.589876e+003	1.589876e+003	1.589876e+003	1.589876e+003	1.589876e+003	1.589876e+003	1.589876e+003	1.589876e+003		
5.620840e+002	1.591626e+003	1.591626e+003	1.591626e+003	1.591626e+003	1.591626e+003	1.591626e+003	1.591626e+003	1.591626e+003	1.591626e+003		
5.619840e+002	1.557501e+003	1.557501e+003	1.557501e+003	1.557501e+003	1.557501e+003	1.557501e+003	1.557501e+003	1.557501e+003	1.557501e+003		