Name		Cr 2p	Cr 2p	Cr 2p	Cr 2p				
Position		574.606	583.806	577.45	586.65				
FWHM		0.432319	0.432319	4.01133	4.01133				
Area		32.131	16.066	7173.0	3586.5				
Lineshape		GL(30)	GL(30)	GL(30)	GL(30)				

B.E.	Cycle 5:Cr 2p/44:CPS	Cr 2p/44:Cr 2p	Cr 2p/44:Cr 2p	Cr 2p/44:Cr 2p	Cr 2p/44:Cr 2p	Background	Envelope		
5.976560e+002	2.572209e+003	2.572209e+003	2.572209e+003	2.572209e+003	2.572210e+003	2.572209e+003	2.572210e+003		
5.975560e+002	2.591168e+003	2.591168e+003	2.591168e+003	2.591168e+003	2.591168e+003	2.591168e+003	2.591168e+003		
5.974560e+002	2.567543e+003	2.567543e+003	2.567543e+003	2.567543e+003	2.567543e+003	2.567543e+003	2.567543e+003		
5.973560e+002	2.569876e+003	2.569876e+003	2.569876e+003	2.569876e+003	2.569876e+003	2.569876e+003	2.569876e+003		
5.972560e+002	2.555876e+003	2.555876e+003	2.555876e+003	2.555876e+003	2.555876e+003	2.555876e+003	2.555876e+003		
5.971560e+002	2.613334e+003	2.613334e+003	2.613334e+003	2.613334e+003	2.613335e+003	2.613334e+003	2.613335e+003		
5.970560e+002	2.606043e+003	2.606043e+003	2.606043e+003	2.606043e+003	2.606043e+003	2.606043e+003	2.606043e+003		
5.969560e+002	2.626751e+003	2.626751e+003	2.626751e+003	2.626751e+003	2.626752e+003	2.626751e+003	2.626752e+003		
5.968560e+002	2.571626e+003	2.571626e+003	2.571626e+003	2.571626e+003	2.571627e+003	2.571626e+003	2.571627e+003		
5.967560e+002	2.575709e+003	2.575709e+003	2.575709e+003	2.575709e+003	2.575711e+003	2.575709e+003	2.575711e+003		
5.966560e+002	2.578626e+003	2.578626e+003	2.578626e+003	2.578626e+003	2.578628e+003	2.578626e+003	2.578628e+003		
5.965560e+002	2.601668e+003	2.601668e+003	2.601668e+003	2.601668e+003	2.601670e+003	2.601668e+003	2.601670e+003		
5.964560e+002	2.543918e+003	2.543918e+003	2.543918e+003	2.543918e+003	2.543920e+003	2.543918e+003	2.543920e+003		
5.963560e+002	2.561709e+003	2.561709e+003	2.561709e+003	2.561709e+003	2.561712e+003	2.561709e+003	2.561712e+003		
5.962560e+002	2.561418e+003	2.561418e+003	2.561418e+003	2.561418e+003	2.561422e+003	2.561418e+003	2.561422e+003		
5.961560e+002	2.508334e+003	2.508334e+003	2.508334e+003	2.508334e+003	2.508339e+003	2.508334e+003	2.508339e+003		
5.960560e+002	2.563751e+003	2.563751e+003	2.563751e+003	2.563751e+003	2.563757e+003	2.563751e+003	2.563757e+003		
5.959560e+002	2.581834e+003	2.581834e+003	2.581834e+003	2.581834e+003	2.581842e+003	2.581834e+003	2.581842e+003		
5.958560e+002	2.588251e+003	2.588251e+003	2.588251e+003	2.588251e+003	2.588261e+003	2.588251e+003	2.588261e+003		
5.957560e+002	2.544501e+003	2.544501e+003	2.544501e+003	2.544501e+003	2.544513e+003	2.544501e+003	2.544513e+003		
5.956560e+002	2.601959e+003	2.601959e+003	2.601959e+003	2.601959e+003	2.601974e+003	2.601959e+003	2.601974e+003		
5.955560e+002	2.559084e+003	2.559084e+003	2.559084e+003	2.559084e+003	2.559103e+003	2.559084e+003	2.559103e+003		
5.954560e+002	2.549168e+003	2.549168e+003	2.549168e+003	2.549168e+003	2.549191e+003	2.549168e+003	2.549191e+003		
5.953560e+002	2.536918e+003	2.536918e+003	2.536918e+003	2.536918e+003	2.536946e+003	2.536918e+003	2.536946e+003		
5.952560e+002	2.499293e+003	2.499293e+003	2.499293e+003	2.499293e+003	2.499328e+003	2.499293e+003	2.499328e+003		
5.951560e+002	2.519709e+003	2.519709e+003	2.519709e+003	2.519709e+003	2.519753e+003	2.519709e+003	2.519753e+003		
5.950560e+002	2.556751e+003	2.556751e+003	2.556751e+003	2.556751e+003	2.556805e+003	2.556751e+003	2.556805e+003		
5.949560e+002	2.519709e+003	2.519709e+003	2.519709e+003	2.519709e+003	2.519775e+003	2.519709e+003	2.519775e+003		
5.948560e+002	2.483251e+003	2.483251e+003	2.483251e+003	2.483251e+003	2.483332e+003	2.483251e+003	2.483332e+003		
5.947560e+002	2.490543e+003	2.490543e+003	2.490543e+003	2.490543e+003	2.490641e+003	2.490543e+003	2.490641e+003		
5.946560e+002	2.463126e+003	2.463126e+003	2.463126e+003	2.463126e+003	2.463246e+003	2.463126e+003	2.463246e+003		
5.945560e+002	2.515334e+003	2.515334e+003	2.515334e+003	2.515334e+003	2.515481e+003	2.515334e+003	2.515481e+003		
5.944560e+002	2.472751e+003	2.472751e+003	2.472751e+003	2.472751e+003	2.472929e+003	2.472751e+003	2.472929e+003		
5.943560e+002	2.540126e+003	2.540126e+003	2.540126e+003	2.540126e+003	2.540342e+003	2.540126e+003	2.540342e+003		
5.942560e+002	2.502793e+003	2.502793e+003	2.502793e+003	2.502793e+003	2.503054e+003	2.502793e+003	2.503054e+003		
5.941560e+002	2.471876e+003	2.471876e+003	2.471876e+003	2.471876e+003	2.472192e+003	2.471876e+003	2.472192e+003		
5.940560e+002	2.483251e+003	2.483251e+003	2.483251e+003	2.483251e+003	2.483632e+003	2.483251e+003	2.483632e+003		
5.939560e+002	2.503959e+003	2.503959e+003	2.503959e+003	2.503959e+003	2.504418e+003	2.503959e+003	2.504418e+003		
5.938560e+002	2.503668e+003	2.503668e+003	2.503668e+003	2.503668e+003	2.504219e+003	2.503668e+003	2.504219e+003		
5.937560e+002	2.429293e+003	2.429293e+003	2.429293e+003	2.429293e+003	2.429954e+003	2.429293e+003	2.429954e+003		
5.936560e+002	2.453501e+003	2.453501e+003	2.453501e+003	2.453501e+003	2.454292e+003	2.453501e+003	2.454292e+003		
5.935560e+002	2.439209e+003	2.439209e+003	2.439209e+003	2.439209e+003	2.440154e+003	2.439209e+003	2.440154e+003		
5.934560e+002	2.452626e+003	2.452626e+003	2.452626e+003	2.452626e+003	2.453752e+003	2.452626e+003	2.453752e+003		
5.933560e+002	2.457001e+003	2.457001e+003	2.457001e+003	2.457001e+003	2.458341e+003	2.457001e+003	2.458341e+003		
5.932560e+002	2.472459e+003	2.472459e+003	2.472459e+003	2.472459e+003	2.474049e+003	2.472459e+003	2.474049e+003		
5.931560e+002	2.506001e+003	2.506001e+003	2.506001e+003	2.506001e+003	2.507884e+003	2.506001e+003	2.507884e+003		
5.930560e+002	2.457584e+003	2.457584e+003	2.457584e+003	2.457584e+003	2.459809e+003	2.457584e+003	2.459809e+003		
5.929560e+002	2.467209e+003	2.467209e+003	2.467209e+003	2.467209e+003	2.469833e+003	2.467209e+003	2.469833e+003		
5.928560e+002	2.506584e+003	2.506584e+003	2.506584e+003	2.506584e+003	2.509672e+003	2.506584e+003	2.509672e+003		
5.927560e+002	2.439209e+003	2.439209e+003	2.439209e+003	2.439209e+003	2.442835e+003	2.439209e+003	2.442835e+003		
5.926560e+002	2.454376e+003	2.454376e+003	2.454376e+003	2.454376e+003	2.458625e+003	2.454376e+003	2.458625e+003		
5.925560e+002	2.458751e+003	2.458751e+003	2.458751e+003	2.458751e+003	2.463719e+003	2.458751e+003	2.463719e+003		
5.924560e+002	2.446793e+003	2.446793e+003	2.446793e+003	2.446793e+003	2.452591e+003	2.446793e+003	2.452591e+003		
5.923560e+002	2.478001e+003	2.478001e+003	2.478001e+003	2.478001e+003	2.484753e+003	2.478001e+003	2.484753e+003		
5.922560e+002	2.483251e+003	2.483251e+003	2.483251e+003	2.483251e+003	2.491097e+003	2.483251e+003	2.491097e+003		
5.921560e+002	2.431918e+003	2.431918e+003	2.431918e+003	2.431918e+003	2.441016e+003	2.431918e+003	2.441016e+003		
5.920560e+002	2.429001e+003	2.429001e+003	2.429001e+003	2.429001e+003	2.439529e+003	2.429001e+003	2.439529e+003		
5.919560e+002	2.456709e+003	2.456709e+003	2.456709e+003	2.456709e+003	2.468867e+003	2.456709e+003	2.468867e+003		
5.918560e+002	2.462834e+003	2.462834e+003	2.462834e+003	2.462834e+003	2.476844e+003	2.462834e+003	2.476844e+003		
5.917560e+002	2.432209e+003	2.432209e+003	2.432209e+003	2.432209e+003	2.448320e+003	2.432209e+003	2.448320e+003		
5.916560e+002	2.443584e+003	2.443584e+003	2.443584e+003	2.443584e+003	2.462072e+003	2.443584e+003	2.462072e+003		
5.915560e+002	2.468084e+003	2.468084e+003	2.468084e+003	2.468084e+003	2.489270e+003	2.468084e+003	2.489270e+003		
5.914560e+002	2.482084e+003	2.482084e+003	2.482084e+003	2.482084e+003	2.506310e+003	2.482084e+003	2.506310e+003		
5.913560e+002	2.490251e+003	2.490251e+003	2.490251e+003	2.490251e+003	2.517893e+003	2.490251e+003	2.517893e+003		
5.912560e+002	2.447959e+003	2.447959e+003	2.447959e+003	2.447959e+003	2.479432e+003	2.447959e+003	2.479432e+003		
5.911560e+002	2.430459e+003	2.430459e+003	2.430459e+003	2.430459e+003	2.466215e+003	2.430459e+003	2.466215e+003		
5.910560e+002	2.492876e+003	2.429984e+003	2.429984e+003	2.429984e+003	2.470519e+003	2.429984e+003	2.470519e+003		
5.909560e+002	2.476834e+003	2.429628e+003	2.429628e+003	2.429628e+003	2.475479e+003	2.429628e+003	2.475479e+003		
5.908560e+002	2.470418e+003	2.429317e+003	2.429317e+003	2.429317e+003	2.481070e+003	2.429317e+003	2.481070e+003		
5.907560e+002	2.492293e+003	2.428838e+003	2.428838e+003	2.428838e+003	2.487122e+003	2.428838e+003	2.487122e+003		
5.906560e+002	2.506001e+003	2.428251e+003	2.428251e+003	2.428251e+003	2.493747e+003	2.428251e+003	2.493747e+003		
5.905560e+002	2.551793e+003	2.427311e+003	2.427311e+003	2.427311e+003	2.500747e+003	2.427311e+003	2.500747e+003		
5.904560e+002	2.564043e+003	2.426270e+003	2.426270e+003	2.426270e+003	2.508426e+003	2.426270e+003	2.508426e+003		
5.903560e+002	2.510959e+003	2.425626e+003	2.425626e+003	2.425626e+003	2.517330e+003	2.425626e+003	2.517330e+003		
5.902560e+002	2.553251e+003	2.424654e+003	2.424654e+003	2.424654e+003	2.526785e+003	2.424654e+003	2.526785e+003		
5.901560e+002	2.553251e+003	2.423676e+003	2.423676e+003	2.423676e+003	2.537158e+003	2.423676e+003	2.537158e+003		
5.900560e+002	2.576584e+003	2.422512e+003	2.422512e+003	2.422512e+003	2.548319e+003	2.422512e+003	2.548319e+003		
5.899560e+002	2.579501e+003	2.421317e+003	2.421317e+003	2.421317e+003	2.560463e+003	2.421317e+003	2.560463e+003		
5.898560e+002	2.639876e+003	2.419654e+003	2.419654e+003	2.419654e+003	2.573193e+003	2.419654e+003	2.573193e+003		
5.897560e+002	2.628209e+003	2.418067e+003	2.418067e+003	2.418067e+003	2.587086e+003	2.418067e+003	2.587086e+003		
5.896560e+002	2.627043e+003	2.416477e+003	2.416477e+003	2.416477e+003	2.602091e+003	2.416477e+003	2.602091e+003		
5.895560e+002	2.611584e+003	2.414992e+003	2.414992e+003	2.414992e+003	2.618338e+003	2.414992e+003	2.618338e+003		
5.894560e+002	2.656793e+003	2.413152e+003	2.413152e+003	2.413152e+003	2.635378e+003	2.413152e+003	2.635378e+003		
5.893560e+002	2.690043e+003	2.411044e+003	2.411044e+003	2.411045e+003	2.653300e+003	2.411044e+003	2.653300e+003		
5.892560e+002	2.698501e+003	2.408857e+003	2.408857e+003	2.408857e+003	2.672282e+003	2.408857e+003	2.672282e+003		
5.891560e+002	2.724168e+003	2.406457e+003	2.406457e+003	2.406457e+003	2.692207e+003	2.406457e+003	2.692207e+003		
5.890560e+002	2.768209e+003	2.403704e+003	2.403704e+003	2.403704e+003	2.712869e+003	2.403704e+003	2.712869e+003		
5.889560e+002	2.769959e+003	2.400917e+003	2.400917e+003	2.400917e+003	2.734522e+003	2.400917e+003	2.734522e+003		
5.888560e+002	2.753626e+003	2.398233e+003	2.398233e+003	2.398233e+003	2.757232e+003	2.398233e+003	2.757232e+003		
5.887560e+002	2.773168e+003	2.395380e+003	2.395380e+003	2.395380e+003	2.780641e+003	2.395380e+003	2.780641e+003		
5.886560e+002	2.829460e+003	2.392076e+003	2.392076e+003	2.392076e+003	2.804362e+003	2.392076e+003	2.804362e+003		
5.885560e+002	2.855418e+003	2.388550e+003	2.388550e+003	2.388550e+003	2.828499e+003	2.388550e+003	2.828499e+003		
5.884560e+002	2.890126e+003	2.384733e+003	2.384733e+003	2.384733e+003	2.852841e+003	2.384733e+003	2.852841e+003		
5.883560e+002	2.893043e+003	2.380865e+003	2.380865e+003	2.380865e+003	2.877468e+003	2.380865e+003	2.877468e+003		
5.882560e+002	2.937960e+003	2.376625e+003	2.376625e+003	2.376625e+003	2.901880e+003	2.376625e+003	2.901881e+003		
5.881560e+002	2.962168e+003	2.372169e+003	2.372169e+003	2.372169e+003	2.926038e+003	2.372169e+003	2.926039e+003		
5.880560e+002	2.969168e+003	2.367626e+003	2.367626e+003	2.367626e+003	2.949861e+003	2.367626e+003	2.949861e+003		
5.879560e+002	2.992501e+003	2.362870e+003	2.362870e+003	2.362871e+003	2.972999e+003	2.362870e+003	2.973000e+003		
5.878560e+002	3.012335e+003	2.357928e+003	2.357928e+003	2.357929e+003	2.995245e+003	2.357928e+003	2.995246e+003		
5.877560e+002	3.022543e+003	2.352870e+003	2.352870e+003	2.352871e+003	3.016430e+003	2.352870e+003	3.016431e+003		
5.876560e+002	3.087876e+003	2.347276e+003	2.347276e+003	2.347278e+003	3.035887e+003	2.347276e+003	3.035888e+003		
5.875560e+002	3.154085e+003	2.341136e+003	2.341136e+003	2.341139e+003	3.053360e+003	2.341136e+003	3.053363e+003		
5.874560e+002	3.147668e+003	2.334998e+003	2.334998e+003	2.335001e+003	3.069158e+003	2.334998e+003	3.069161e+003		
5.873560e+002	3.175085e+003	2.328605e+003	2.328605e+003	2.328609e+003	3.082790e+003	2.328605e+003	3.082794e+003		
5.872560e+002	3.157876e+003	2.322294e+003	2.322294e+003	2.322299e+003	3.094374e+003	2.322294e+003	3.094378e+003		
5.871560e+002	3.134543e+003	2.316113e+003	2.316113e+003	2.316119e+003	3.103754e+003	2.316113e+003	3.103760e+003		
5.870560e+002	3.154960e+003	2.309729e+003	2.309729e+003	2.309737e+003	3.110419e+003	2.309729e+003	3.110427e+003		
5.869560e+002	3.191418e+003	2.303019e+003	2.303019e+003	2.303029e+003	3.114090e+003	2.303019e+003	3.114100e+003		
5.868560e+002	3.153793e+003	2.296545e+003	2.296545e+003	2.296557e+003	3.115202e+003	2.296545e+003	3.115214e+003		
5.867560e+002	3.182668e+003	2.289801e+003	2.289801e+003	2.289816e+003	3.113090e+003	2.289801e+003	3.113105e+003		
5.866560e+002	3.149126e+003	2.283262e+003	2.283262e+003	2.283281e+003	3.108168e+003	2.283262e+003	3.108187e+003		
5.865560e+002	3.126376e+003	2.276845e+003	2.276845e+003	2.276869e+003	3.100402e+003	2.276845e+003	3.100425e+003		
5.864560e+002	3.067751e+003	2.270826e+003	2.270826e+003	2.270856e+003	3.090083e+003	2.270826e+003	3.090112e+003		
5.863560e+002	3.023126e+003	2.265101e+003	2.265101e+003	2.265138e+003	3.077161e+003	2.265101e+003	3.077198e+003		
5.862560e+002	3.053168e+003	2.259104e+003	2.259104e+003	2.259150e+003	3.061161e+003	2.259104e+003	3.061207e+003		
5.861560e+002	3.017876e+003	2.253330e+003	2.253330e+003	2.253386e+003	3.042697e+003	2.253330e+003	3.042754e+003		
5.860560e+002	2.975001e+003	2.247838e+003	2.247838e+003	2.247908e+003	3.021980e+003	2.247838e+003	3.022051e+003		
5.859560e+002	2.951960e+003	2.242479e+003	2.242479e+003	2.242566e+003	2.999038e+003	2.242479e+003	2.999125e+003		
5.858560e+002	2.897418e+003	2.237495e+003	2.237495e+003	2.237602e+003	2.974311e+003	2.237495e+003	2.974418e+003		
5.857560e+002	2.876126e+003	2.232635e+003	2.232635e+003	2.232766e+003	2.947766e+003	2.232635e+003	2.947897e+003		
5.856560e+002	2.901793e+003	2.227542e+003	2.227542e+003	2.227703e+003	2.919277e+003	2.227542e+003	2.919438e+003		
5.855560e+002	2.879626e+003	2.222580e+003	2.222580e+003	2.222777e+003	2.889446e+003	2.222580e+003	2.889643e+003		
5.854560e+002	2.822460e+003	2.218015e+003	2.218015e+003	2.218255e+003	2.858787e+003	2.218015e+003	2.859027e+003		
5.853560e+002	2.779876e+003	2.213739e+003	2.213739e+003	2.214032e+003	2.827435e+003	2.213739e+003	2.827728e+003		
5.852560e+002	2.743709e+003	2.209706e+003	2.209706e+003	2.210062e+003	2.795588e+003	2.209706e+003	2.795944e+003		
5.851560e+002	2.704043e+003	2.205944e+003	2.205944e+003	2.206376e+003	2.763507e+003	2.205944e+003	2.763939e+003		
5.850560e+002	2.671959e+003	2.202397e+003	2.202397e+003	2.202920e+003	2.731363e+003	2.202397e+003	2.731886e+003		
5.849560e+002	2.658543e+003	2.198926e+003	2.198926e+003	2.199557e+003	2.699227e+003	2.198926e+003	2.699859e+003		
5.848560e+002	2.646293e+003	2.195521e+003	2.195521e+003	2.196283e+003	2.667290e+003	2.195521e+003	2.668051e+003		
5.847560e+002	2.600793e+003	2.192437e+003	2.192438e+003	2.193354e+003	2.635984e+003	2.192437e+003	2.636902e+003		
5.846560e+002	2.568126e+003	2.189578e+003	2.189584e+003	2.190681e+003	2.605380e+003	2.189578e+003	2.606488e+003		
5.845560e+002	2.525834e+003	2.187019e+003	2.187055e+003	2.188341e+003	2.575696e+003	2.187019e+003	2.577054e+003		
5.844560e+002	2.473626e+003	2.184838e+003	2.185007e+003	2.186421e+003	2.547137e+003	2.184838e+003	2.548888e+003		
5.843560e+002	2.442418e+003	2.182878e+003	2.183548e+003	2.184768e+003	2.519665e+003	2.182878e+003	2.522226e+003		
5.842560e+002	2.444168e+003	2.180889e+003	2.183113e+003	2.183142e+003	2.493145e+003	2.180889e+003	2.497622e+003		
5.841560e+002	2.396043e+003	2.179252e+003	2.185367e+003	2.181931e+003	2.467999e+003	2.179252e+003	2.476793e+003		
5.840560e+002	2.372126e+003	2.177784e+003	2.191492e+003	2.180964e+003	2.444097e+003	2.177784e+003	2.460984e+003		
5.839560e+002	2.418501e+003	2.175952e+003	2.200297e+003	2.179718e+003	2.420944e+003	2.175952e+003	2.449054e+003		
5.838560e+002	2.386126e+003	2.174353e+003	2.207313e+003	2.178803e+003	2.399161e+003	2.174353e+003	2.436571e+003		
5.837560e+002	2.345876e+003	2.173048e+003	2.206033e+003	2.178295e+003	2.378821e+003	2.173048e+003	2.417054e+003		
5.836560e+002	2.290459e+003	2.172154e+003	2.196552e+003	2.178329e+003	2.360041e+003	2.172154e+003	2.390614e+003		
5.835560e+002	2.317584e+003	2.171047e+003	2.184802e+003	2.178299e+003	2.342185e+003	2.171047e+003	2.363191e+003		
5.834560e+002	2.329251e+003	2.169843e+003	2.175985e+003	2.178341e+003	2.325350e+003	2.169843e+003	2.339990e+003		
5.833560e+002	2.318459e+003	2.168712e+003	2.170948e+003	2.178649e+003	2.309680e+003	2.168712e+003	2.321853e+003		
5.832560e+002	2.305043e+003	2.167675e+003	2.168350e+003	2.179271e+003	2.295163e+003	2.167675e+003	2.307434e+003		
5.831560e+002	2.282584e+003	2.166800e+003	2.166971e+003	2.180304e+003	2.281829e+003	2.166800e+003	2.295502e+003		
5.830560e+002	2.307668e+003	2.165728e+003	2.165764e+003	2.181420e+003	2.269276e+003	2.165728e+003	2.285003e+003		
5.829560e+002	2.290168e+003	2.164781e+003	2.164788e+003	2.182978e+003	2.257780e+003	2.164781e+003	2.275982e+003		
5.828560e+002	2.310584e+003	2.163672e+003	2.163673e+003	2.184728e+003	2.247007e+003	2.163672e+003	2.268064e+003		
5.827560e+002	2.278501e+003	2.162798e+003	2.162798e+003	2.187113e+003	2.237305e+003	2.162798e+003	2.261620e+003		
5.826560e+002	2.304459e+003	2.161720e+003	2.161720e+003	2.189740e+003	2.228185e+003	2.161720e+003	2.256205e+003		
5.825560e+002	2.294834e+003	2.160707e+003	2.160707e+003	2.192928e+003	2.219866e+003	2.160707e+003	2.252087e+003		
5.824560e+002	2.249626e+003	2.160030e+003	2.160030e+003	2.197005e+003	2.212570e+003	2.160030e+003	2.249545e+003		
5.823560e+002	2.293668e+003	2.159013e+003	2.159013e+003	2.201385e+003	2.205571e+003	2.159013e+003	2.247943e+003		
5.822560e+002	2.309126e+003	2.157871e+003	2.157871e+003	2.206322e+003	2.199038e+003	2.157871e+003	2.247489e+003		
5.821560e+002	2.281126e+003	2.156933e+003	2.156933e+003	2.212217e+003	2.193254e+003	2.156933e+003	2.248538e+003		
5.820560e+002	2.305334e+003	2.155804e+003	2.155804e+003	2.218749e+003	2.187779e+003	2.155804e+003	2.250724e+003		
5.819560e+002	2.331001e+003	2.154470e+003	2.154470e+003	2.225982e+003	2.182559e+003	2.154470e+003	2.254071e+003		
5.818560e+002	2.332168e+003	2.153118e+003	2.153118e+003	2.234187e+003	2.177756e+003	2.153118e+003	2.258825e+003		
5.817560e+002	2.331584e+003	2.151760e+003	2.151760e+003	2.243462e+003	2.173326e+003	2.151760e+003	2.265028e+003		
5.816560e+002	2.373001e+003	2.150076e+003	2.150076e+003	2.253581e+003	2.168913e+003	2.150076e+003	2.272417e+003		
5.815560e+002	2.328959e+003	2.148715e+003	2.148715e+003	2.265283e+003	2.165133e+003	2.148715e+003	2.281701e+003		
5.814560e+002	2.387001e+003	2.146901e+003	2.146901e+003	2.277893e+003	2.161182e+003	2.146901e+003	2.292173e+003		
5.813560e+002	2.398084e+003	2.144990e+003	2.144990e+003	2.291863e+003	2.157384e+003	2.144990e+003	2.304257e+003		
5.812560e+002	2.426376e+003	2.142849e+003	2.142849e+003	2.307160e+003	2.153584e+003	2.142849e+003	2.317895e+003		
5.811560e+002	2.436001e+003	2.140618e+003	2.140618e+003	2.324026e+003	2.149896e+003	2.140618e+003	2.333304e+003		
5.810560e+002	2.454376e+003	2.138230e+003	2.138230e+003	2.342490e+003	2.146232e+003	2.138230e+003	2.350493e+003		
5.809560e+002	2.451459e+003	2.135846e+003	2.135846e+003	2.362811e+003	2.142734e+003	2.135846e+003	2.369699e+003		
5.808560e+002	2.487626e+003	2.133169e+003	2.133169e+003	2.384783e+003	2.139085e+003	2.133169e+003	2.390698e+003		
5.807560e+002	2.497834e+003	2.130394e+003	2.130394e+003	2.408686e+003	2.135464e+003	2.130394e+003	2.413756e+003		
5.806560e+002	2.509501e+003	2.127509e+003	2.127509e+003	2.434586e+003	2.131845e+003	2.127509e+003	2.438922e+003		
5.805560e+002	2.554709e+003	2.124258e+003	2.124258e+003	2.462296e+003	2.127959e+003	2.124258e+003	2.465997e+003		
5.804560e+002	2.575126e+003	2.120827e+003	2.120827e+003	2.492056e+003	2.123979e+003	2.120827e+003	2.495208e+003		
5.803560e+002	2.658251e+003	2.116737e+003	2.116737e+003	2.523430e+003	2.119416e+003	2.116737e+003	2.526109e+003		
5.802560e+002	2.647459e+003	2.112698e+003	2.112698e+003	2.557150e+003	2.114970e+003	2.112698e+003	2.559422e+003		
5.801560e+002	2.651834e+003	2.108595e+003	2.108595e+003	2.593106e+003	2.110518e+003	2.108595e+003	2.595029e+003		
5.800560e+002	2.666709e+003	2.104347e+003	2.104347e+003	2.631198e+003	2.105971e+003	2.104347e+003	2.632822e+003		
5.799560e+002	2.688876e+003	2.099899e+003	2.099899e+003	2.671399e+003	2.101267e+003	2.099899e+003	2.672767e+003		
5.798560e+002	2.753918e+003	2.094922e+003	2.094922e+003	2.713252e+003	2.096073e+003	2.094922e+003	2.714402e+003		
5.797560e+002	2.774626e+003	2.089749e+003	2.089749e+003	2.756958e+003	2.090715e+003	2.089749e+003	2.757924e+003		
5.796560e+002	2.781626e+003	2.084484e+003	2.084484e+003	2.802482e+003	2.085292e+003	2.084484e+003	2.803291e+003		
5.795560e+002	2.854251e+003	2.078626e+003	2.078626e+003	2.849148e+003	2.079301e+003	2.078626e+003	2.849824e+003		
5.794560e+002	2.886043e+003	2.072481e+003	2.072481e+003	2.897053e+003	2.073045e+003	2.072481e+003	2.897617e+003		
5.793560e+002	2.844043e+003	2.066610e+003	2.066610e+003	2.946507e+003	2.067079e+003	2.066610e+003	2.946977e+003		
5.792560e+002	2.894501e+003	2.060309e+003	2.060309e+003	2.996526e+003	2.060700e+003	2.060309e+003	2.996916e+003		
5.791560e+002	2.972668e+003	2.053366e+003	2.053366e+003	3.046573e+003	2.053690e+003	2.053366e+003	3.046897e+003		
5.790560e+002	2.999210e+003	2.046168e+003	2.046168e+003	3.096679e+003	2.046436e+003	2.046168e+003	3.096947e+003		
5.789560e+002	3.055210e+003	2.038489e+003	2.038489e+003	3.146228e+003	2.038711e+003	2.038489e+003	3.146450e+003		
5.788560e+002	3.085543e+003	2.030521e+003	2.030521e+003	3.194991e+003	2.030703e+003	2.030521e+003	3.195174e+003		
5.787560e+002	3.092835e+003	2.022436e+003	2.022436e+003	3.242694e+003	2.022587e+003	2.022436e+003	3.242845e+003		
5.786560e+002	3.161960e+003	2.013764e+003	2.013764e+003	3.288400e+003	2.013888e+003	2.013764e+003	3.288523e+003		
5.785560e+002	3.209210e+003	2.004667e+003	2.004667e+003	3.331786e+003	2.004768e+003	2.004667e+003	3.331887e+003		
5.784560e+002	3.240126e+003	1.995264e+003	1.995264e+003	3.372485e+003	1.995347e+003	1.995264e+003	3.372568e+003		
5.783560e+002	3.269001e+003	1.985571e+003	1.985571e+003	3.410019e+003	1.985639e+003	1.985571e+003	3.410086e+003		
5.782560e+002	3.345710e+003	1.975220e+003	1.975220e+003	3.443539e+003	1.975275e+003	1.975220e+003	3.443594e+003		
5.781560e+002	3.429710e+003	1.964151e+003	1.964151e+003	3.472520e+003	1.964196e+003	1.964151e+003	3.472565e+003		
5.780560e+002	3.387418e+003	1.953320e+003	1.953320e+003	3.497478e+003	1.953356e+003	1.953320e+003	3.497515e+003		
5.779560e+002	3.453335e+003	1.941905e+003	1.941905e+003	3.517187e+003	1.941934e+003	1.941905e+003	3.517216e+003		
5.778560e+002	3.486001e+003	1.930154e+003	1.930154e+003	3.531534e+003	1.930177e+003	1.930154e+003	3.531557e+003		
5.777560e+002	3.571168e+003	1.917665e+003	1.917665e+003	3.539806e+003	1.917684e+003	1.917665e+003	3.539825e+003		
5.776560e+002	3.525960e+003	1.905426e+003	1.905426e+003	3.542740e+003	1.905441e+003	1.905426e+003	3.542755e+003		
5.775560e+002	3.517501e+003	1.893158e+003	1.893158e+003	3.539736e+003	1.893170e+003	1.893158e+003	3.539748e+003		
5.774560e+002	3.537626e+003	1.880643e+003	1.880643e+003	3.530456e+003	1.880653e+003	1.880643e+003	3.530466e+003		
5.773560e+002	3.527710e+003	1.868108e+003	1.868108e+003	3.515221e+003	1.868116e+003	1.868108e+003	3.515229e+003		
5.772560e+002	3.502626e+003	1.855669e+003	1.855669e+003	3.494182e+003	1.855676e+003	1.855669e+003	3.494188e+003		
5.771560e+002	3.556001e+003	1.842730e+003	1.842730e+003	3.466850e+003	1.842734e+003	1.842730e+003	3.466855e+003		
5.770560e+002	3.541710e+003	1.829800e+003	1.829800e+003	3.433914e+003	1.829804e+003	1.829800e+003	3.433918e+003		
5.769560e+002	3.495918e+003	1.817120e+003	1.817120e+003	3.395856e+003	1.817124e+003	1.817120e+003	3.395859e+003		
5.768560e+002	3.499418e+003	1.804318e+003	1.804318e+003	3.352603e+003	1.804320e+003	1.804318e+003	3.352606e+003		
5.767560e+002	3.463543e+003	1.791691e+003	1.791691e+003	3.304809e+003	1.791693e+003	1.791691e+003	3.304811e+003		
5.766560e+002	3.398501e+003	1.779463e+003	1.779463e+003	3.253095e+003	1.779464e+003	1.779463e+003	3.253097e+003		
5.765560e+002	3.324418e+003	1.767705e+003	1.767705e+003	3.197967e+003	1.767706e+003	1.767705e+003	3.197968e+003		
5.764560e+002	3.262585e+003	1.756329e+003	1.756329e+003	3.139798e+003	1.756330e+003	1.756329e+003	3.139799e+003		
5.763560e+002	3.217085e+003	1.745212e+003	1.745212e+003	3.078945e+003	1.745213e+003	1.745212e+003	3.078946e+003		
5.762560e+002	3.089335e+003	1.734983e+003	1.734983e+003	3.016527e+003	1.734984e+003	1.734983e+003	3.016528e+003		
5.761560e+002	2.975876e+003	1.725540e+003	1.725540e+003	2.952933e+003	1.725540e+003	1.725540e+003	2.952934e+003		
5.760560e+002	2.883418e+003	1.716728e+003	1.716728e+003	2.888492e+003	1.716729e+003	1.716728e+003	2.888493e+003		
5.759560e+002	2.802043e+003	1.708469e+003	1.708469e+003	2.823596e+003	1.708469e+003	1.708469e+003	2.823596e+003		
5.758560e+002	2.748084e+003	1.700557e+003	1.700557e+003	2.758489e+003	1.700557e+003	1.700557e+003	2.758489e+003		
5.757560e+002	2.661168e+003	1.693247e+003	1.693247e+003	2.693850e+003	1.693247e+003	1.693247e+003	2.693850e+003		
5.756560e+002	2.611876e+003	1.686256e+003	1.686256e+003	2.629792e+003	1.686256e+003	1.686256e+003	2.629793e+003		
5.755560e+002	2.518543e+003	1.679924e+003	1.679922e+003	2.567016e+003	1.679922e+003	1.679922e+003	2.567018e+003		
5.754560e+002	2.411501e+003	1.674367e+003	1.674354e+003	2.505957e+003	1.674354e+003	1.674354e+003	2.505970e+003		
5.753560e+002	2.363959e+003	1.669178e+003	1.669106e+003	2.446459e+003	1.669106e+003	1.669106e+003	2.446531e+003		
5.752560e+002	2.358126e+003	1.664201e+003	1.663863e+003	2.388460e+003	1.663863e+003	1.663863e+003	2.388798e+003		
5.751560e+002	2.329834e+003	1.660136e+003	1.658795e+003	2.332368e+003	1.658795e+003	1.658795e+003	2.333710e+003		
5.750560e+002	2.287834e+003	1.658455e+003	1.654007e+003	2.278519e+003	1.654008e+003	1.654007e+003	2.282967e+003		
5.749560e+002	2.245251e+003	1.661738e+003	1.649508e+003	2.227001e+003	1.649508e+003	1.649508e+003	2.239232e+003		
5.748560e+002	2.265376e+003	1.672237e+003	1.644821e+003	2.177446e+003	1.644821e+003	1.644821e+003	2.204862e+003		
5.747560e+002	2.208209e+003	1.689223e+003	1.640534e+003	2.130517e+003	1.640534e+003	1.640534e+003	2.179207e+003		
5.746560e+002	2.171751e+003	1.702411e+003	1.636491e+003	2.086108e+003	1.636491e+003	1.636491e+003	2.152028e+003		
5.745560e+002	2.135293e+003	1.698666e+003	1.632695e+003	2.044242e+003	1.632695e+003	1.632695e+003	2.110213e+003		
5.744560e+002	2.116626e+003	1.677809e+003	1.629012e+003	2.004785e+003	1.629012e+003	1.629012e+003	2.053582e+003		
5.743560e+002	2.020376e+003	1.653543e+003	1.626034e+003	1.968309e+003	1.626034e+003	1.626034e+003	1.995818e+003		
5.742560e+002	1.950376e+003	1.635849e+003	1.623566e+003	1.934579e+003	1.623566e+003	1.623566e+003	1.946863e+003		
5.741560e+002	1.909542e+003	1.625860e+003	1.621389e+003	1.903325e+003	1.621389e+003	1.621389e+003	1.907796e+003		
5.740560e+002	1.847126e+003	1.621021e+003	1.619671e+003	1.874647e+003	1.619671e+003	1.619671e+003	1.875998e+003		
5.739560e+002	1.777417e+003	1.618811e+003	1.618471e+003	1.848528e+003	1.618471e+003	1.618471e+003	1.848869e+003		
5.738560e+002	1.736001e+003	1.617648e+003	1.617576e+003	1.824671e+003	1.617576e+003	1.617576e+003	1.824743e+003		
5.737560e+002	1.723459e+003	1.616783e+003	1.616771e+003	1.802768e+003	1.616771e+003	1.616771e+003	1.802780e+003		
5.736560e+002	1.687001e+003	1.616238e+003	1.616236e+003	1.782906e+003	1.616236e+003	1.616236e+003	1.782908e+003		
5.735560e+002	1.659001e+003	1.615911e+003	1.615911e+003	1.764924e+003	1.615911e+003	1.615911e+003	1.764925e+003		
5.734560e+002	1.632459e+003	1.615785e+003	1.615785e+003	1.748715e+003	1.615785e+003	1.615785e+003	1.748715e+003		
5.733560e+002	1.631292e+003	1.615667e+003	1.615667e+003	1.733985e+003	1.615667e+003	1.615667e+003	1.733985e+003		
5.732560e+002	1.652584e+003	1.615386e+003	1.615386e+003	1.720465e+003	1.615386e+003	1.615386e+003	1.720465e+003		
5.731560e+002	1.624584e+003	1.615316e+003	1.615316e+003	1.708432e+003	1.615316e+003	1.615316e+003	1.708432e+003		
5.730560e+002	1.605042e+003	1.615239e+003	1.615239e+003	1.697573e+003	1.615239e+003	1.615239e+003	1.697573e+003		
5.729560e+002	1.624001e+003	1.615172e+003	1.615172e+003	1.687814e+003	1.615172e+003	1.615172e+003	1.687814e+003		
5.728560e+002	1.595126e+003	1.615022e+003	1.615022e+003	1.678972e+003	1.615022e+003	1.615022e+003	1.678972e+003		
5.727560e+002	1.620501e+003	1.614980e+003	1.614980e+003	1.671158e+003	1.614980e+003	1.614980e+003	1.671158e+003		
5.726560e+002	1.621959e+003	1.614927e+003	1.614927e+003	1.664203e+003	1.614927e+003	1.614927e+003	1.664203e+003		
5.725560e+002	1.605334e+003	1.614855e+003	1.614855e+003	1.657986e+003	1.614855e+003	1.614855e+003	1.657986e+003		
5.724560e+002	1.612626e+003	1.614838e+003	1.614838e+003	1.652512e+003	1.614838e+003	1.614838e+003	1.652512e+003		
5.723560e+002	1.616126e+003	1.614829e+003	1.614829e+003	1.647665e+003	1.614829e+003	1.614829e+003	1.647665e+003		
5.722560e+002	1.605334e+003	1.614757e+003	1.614757e+003	1.643318e+003	1.614757e+003	1.614757e+003	1.643318e+003		
5.721560e+002	1.606209e+003	1.614693e+003	1.614693e+003	1.639482e+003	1.614693e+003	1.614693e+003	1.639482e+003		
5.720560e+002	1.624584e+003	1.614618e+003	1.614618e+003	1.636088e+003	1.614618e+003	1.614618e+003	1.636088e+003		
5.719560e+002	1.641209e+003	1.614416e+003	1.614416e+003	1.632973e+003	1.614416e+003	1.614416e+003	1.632973e+003		
5.718560e+002	1.603292e+003	1.614332e+003	1.614332e+003	1.630338e+003	1.614332e+003	1.614332e+003	1.630338e+003		
5.717560e+002	1.610001e+003	1.614300e+003	1.614300e+003	1.628075e+003	1.614300e+003	1.614300e+003	1.628075e+003		
5.716560e+002	1.585501e+003	1.614084e+003	1.614084e+003	1.625915e+003	1.614084e+003	1.614084e+003	1.625915e+003		
5.715560e+002	1.614084e+003	1.614084e+003	1.614084e+003	1.624224e+003	1.614084e+003	1.614084e+003	1.624224e+003		
5.714560e+002	1.610292e+003	1.610292e+003	1.610292e+003	1.618965e+003	1.610292e+003	1.610292e+003	1.618965e+003		
5.713560e+002	1.617876e+003	1.617876e+003	1.617876e+003	1.625278e+003	1.617876e+003	1.617876e+003	1.625278e+003		
5.712560e+002	1.592501e+003	1.592501e+003	1.592501e+003	1.598805e+003	1.592501e+003	1.592501e+003	1.598805e+003		
5.711560e+002	1.613501e+003	1.613501e+003	1.613501e+003	1.618858e+003	1.613501e+003	1.613501e+003	1.618858e+003		
5.710560e+002	1.602709e+003	1.602709e+003	1.602709e+003	1.607253e+003	1.602709e+003	1.602709e+003	1.607253e+003		
5.709560e+002	1.617292e+003	1.617292e+003	1.617292e+003	1.621138e+003	1.617292e+003	1.617292e+003	1.621138e+003		
5.708560e+002	1.619042e+003	1.619042e+003	1.619042e+003	1.622290e+003	1.619042e+003	1.619042e+003	1.622290e+003		
5.707560e+002	1.597459e+003	1.597459e+003	1.597459e+003	1.600196e+003	1.597459e+003	1.597459e+003	1.600196e+003		
5.706560e+002	1.614084e+003	1.614084e+003	1.614084e+003	1.616385e+003	1.614084e+003	1.614084e+003	1.616385e+003		
5.705560e+002	1.630709e+003	1.630709e+003	1.630709e+003	1.632640e+003	1.630709e+003	1.630709e+003	1.632640e+003		
5.704560e+002	1.614959e+003	1.614959e+003	1.614959e+003	1.616576e+003	1.614959e+003	1.614959e+003	1.616576e+003		
5.703560e+002	1.621084e+003	1.621084e+003	1.621084e+003	1.622435e+003	1.621084e+003	1.621084e+003	1.622435e+003		
5.702560e+002	1.590167e+003	1.590167e+003	1.590167e+003	1.591295e+003	1.590167e+003	1.590167e+003	1.591295e+003		
5.701560e+002	1.561876e+003	1.561876e+003	1.561876e+003	1.562815e+003	1.561876e+003	1.561876e+003	1.562815e+003		
5.700560e+002	1.602709e+003	1.602709e+003	1.602709e+003	1.603490e+003	1.602709e+003	1.602709e+003	1.603490e+003		
5.699560e+002	1.636251e+003	1.636251e+003	1.636251e+003	1.636899e+003	1.636251e+003	1.636251e+003	1.636899e+003		
5.698560e+002	1.599501e+003	1.599501e+003	1.599501e+003	1.600037e+003	1.599501e+003	1.599501e+003	1.600037e+003		
5.697560e+002	1.581126e+003	1.581126e+003	1.581126e+003	1.581569e+003	1.581126e+003	1.581126e+003	1.581569e+003		
5.696560e+002	1.600667e+003	1.600667e+003	1.600667e+003	1.601033e+003	1.600667e+003	1.600667e+003	1.601033e+003		
5.695560e+002	1.611751e+003	1.611751e+003	1.611751e+003	1.612051e+003	1.611751e+003	1.611751e+003	1.612051e+003		
5.694560e+002	1.595709e+003	1.595709e+003	1.595709e+003	1.595956e+003	1.595709e+003	1.595709e+003	1.595956e+003		
5.693560e+002	1.586959e+003	1.586959e+003	1.586959e+003	1.587161e+003	1.586959e+003	1.586959e+003	1.587161e+003		
5.692560e+002	1.569459e+003	1.569459e+003	1.569459e+003	1.569624e+003	1.569459e+003	1.569459e+003	1.569624e+003		
5.691560e+002	1.626626e+003	1.626626e+003	1.626626e+003	1.626761e+003	1.626626e+003	1.626626e+003	1.626761e+003		
5.690560e+002	1.590459e+003	1.590459e+003	1.590459e+003	1.590569e+003	1.590459e+003	1.590459e+003	1.590569e+003		
5.689560e+002	1.585501e+003	1.585501e+003	1.585501e+003	1.585590e+003	1.585501e+003	1.585501e+003	1.585590e+003		
5.688560e+002	1.588417e+003	1.588417e+003	1.588417e+003	1.588490e+003	1.588417e+003	1.588417e+003	1.588490e+003		
5.687560e+002	1.589876e+003	1.589876e+003	1.589876e+003	1.589934e+003	1.589876e+003	1.589876e+003	1.589934e+003		
5.686560e+002	1.603584e+003	1.603584e+003	1.603584e+003	1.603631e+003	1.603584e+003	1.603584e+003	1.603631e+003		
5.685560e+002	1.595709e+003	1.595709e+003	1.595709e+003	1.595747e+003	1.595709e+003	1.595709e+003	1.595747e+003		
5.684560e+002	1.601542e+003	1.601542e+003	1.601542e+003	1.601573e+003	1.601542e+003	1.601542e+003	1.601573e+003		
5.683560e+002	1.624584e+003	1.624584e+003	1.624584e+003	1.624608e+003	1.624584e+003	1.624584e+003	1.624608e+003		
5.682560e+002	1.578501e+003	1.578501e+003	1.578501e+003	1.578520e+003	1.578501e+003	1.578501e+003	1.578520e+003		
5.681560e+002	1.582584e+003	1.582584e+003	1.582584e+003	1.582600e+003	1.582584e+003	1.582584e+003	1.582600e+003		
5.680560e+002	1.591917e+003	1.591917e+003	1.591917e+003	1.591930e+003	1.591917e+003	1.591917e+003	1.591930e+003		
5.679560e+002	1.631292e+003	1.631292e+003	1.631292e+003	1.631302e+003	1.631292e+003	1.631292e+003	1.631302e+003		
5.678560e+002	1.592792e+003	1.592792e+003	1.592792e+003	1.592800e+003	1.592792e+003	1.592792e+003	1.592800e+003		
5.677560e+002	1.636542e+003	1.636542e+003	1.636542e+003	1.636549e+003	1.636542e+003	1.636542e+003	1.636549e+003		
5.676560e+002	1.626626e+003	1.626626e+003	1.626626e+003	1.626631e+003	1.626626e+003	1.626626e+003	1.626631e+003		
5.675560e+002	1.612042e+003	1.612042e+003	1.612042e+003	1.612046e+003	1.612042e+003	1.612042e+003	1.612046e+003		
5.674560e+002	1.609417e+003	1.609417e+003	1.609417e+003	1.609420e+003	1.609417e+003	1.609417e+003	1.609420e+003		
5.673560e+002	1.634209e+003	1.634209e+003	1.634209e+003	1.634211e+003	1.634209e+003	1.634209e+003	1.634211e+003		
5.672560e+002	1.604459e+003	1.604459e+003	1.604459e+003	1.604461e+003	1.604459e+003	1.604459e+003	1.604461e+003		
5.671560e+002	1.585209e+003	1.585209e+003	1.585209e+003	1.585210e+003	1.585209e+003	1.585209e+003	1.585210e+003		
5.670560e+002	1.569459e+003	1.569459e+003	1.569459e+003	1.569460e+003	1.569459e+003	1.569459e+003	1.569460e+003		
5.669560e+002	1.572084e+003	1.572084e+003	1.572084e+003	1.572085e+003	1.572084e+003	1.572084e+003	1.572085e+003		
5.668560e+002	1.587834e+003	1.587834e+003	1.587834e+003	1.587835e+003	1.587834e+003	1.587834e+003	1.587835e+003		
5.667560e+002	1.607084e+003	1.607084e+003	1.607084e+003	1.607085e+003	1.607084e+003	1.607084e+003	1.607085e+003		
5.666560e+002	1.600376e+003	1.600376e+003	1.600376e+003	1.600376e+003	1.600376e+003	1.600376e+003	1.600376e+003		
5.665560e+002	1.599209e+003	1.599209e+003	1.599209e+003	1.599209e+003	1.599209e+003	1.599209e+003	1.599209e+003		
5.664560e+002	1.597459e+003	1.597459e+003	1.597459e+003	1.597459e+003	1.597459e+003	1.597459e+003	1.597459e+003		
5.663560e+002	1.619334e+003	1.619334e+003	1.619334e+003	1.619334e+003	1.619334e+003	1.619334e+003	1.619334e+003		
5.662560e+002	1.610001e+003	1.610001e+003	1.610001e+003	1.610001e+003	1.610001e+003	1.610001e+003	1.610001e+003		
5.661560e+002	1.596876e+003	1.596876e+003	1.596876e+003	1.596876e+003	1.596876e+003	1.596876e+003	1.596876e+003		
5.660560e+002	1.613792e+003	1.613792e+003	1.613792e+003	1.613792e+003	1.613792e+003	1.613792e+003	1.613792e+003		
5.659560e+002	1.620209e+003	1.620209e+003	1.620209e+003	1.620209e+003	1.620209e+003	1.620209e+003	1.620209e+003		
5.658560e+002	1.614959e+003	1.614959e+003	1.614959e+003	1.614959e+003	1.614959e+003	1.614959e+003	1.614959e+003		
5.657560e+002	1.605917e+003	1.605917e+003	1.605917e+003	1.605917e+003	1.605917e+003	1.605917e+003	1.605917e+003		
5.656560e+002	1.598917e+003	1.598917e+003	1.598917e+003	1.598917e+003	1.598917e+003	1.598917e+003	1.598917e+003		
5.655560e+002	1.604459e+003	1.604459e+003	1.604459e+003	1.604459e+003	1.604459e+003	1.604459e+003	1.604459e+003		
5.654560e+002	1.588709e+003	1.588709e+003	1.588709e+003	1.588709e+003	1.588709e+003	1.588709e+003	1.588709e+003		
5.653560e+002	1.590751e+003	1.590751e+003	1.590751e+003	1.590751e+003	1.590751e+003	1.590751e+003	1.590751e+003		
5.652560e+002	1.590751e+003	1.590751e+003	1.590751e+003	1.590751e+003	1.590751e+003	1.590751e+003	1.590751e+003		
5.651560e+002	1.607667e+003	1.607667e+003	1.607667e+003	1.607667e+003	1.607667e+003	1.607667e+003	1.607667e+003		
5.650560e+002	1.586084e+003	1.586084e+003	1.586084e+003	1.586084e+003	1.586084e+003	1.586084e+003	1.586084e+003		
5.649560e+002	1.592501e+003	1.592501e+003	1.592501e+003	1.592501e+003	1.592501e+003	1.592501e+003	1.592501e+003		
5.648560e+002	1.623126e+003	1.623126e+003	1.623126e+003	1.623126e+003	1.623126e+003	1.623126e+003	1.623126e+003		
5.647560e+002	1.630126e+003	1.630126e+003	1.630126e+003	1.630126e+003	1.630126e+003	1.630126e+003	1.630126e+003		
5.646560e+002	1.605626e+003	1.605626e+003	1.605626e+003	1.605626e+003	1.605626e+003	1.605626e+003	1.605626e+003		
5.645560e+002	1.599792e+003	1.599792e+003	1.599792e+003	1.599792e+003	1.599792e+003	1.599792e+003	1.599792e+003		
5.644560e+002	1.577042e+003	1.577042e+003	1.577042e+003	1.577042e+003	1.577042e+003	1.577042e+003	1.577042e+003		
5.643560e+002	1.562459e+003	1.562459e+003	1.562459e+003	1.562459e+003	1.562459e+003	1.562459e+003	1.562459e+003		
5.642560e+002	1.605917e+003	1.605917e+003	1.605917e+003	1.605917e+003	1.605917e+003	1.605917e+003	1.605917e+003		
5.641560e+002	1.615542e+003	1.615542e+003	1.615542e+003	1.615542e+003	1.615542e+003	1.615542e+003	1.615542e+003		
5.640560e+002	1.597167e+003	1.597167e+003	1.597167e+003	1.597167e+003	1.597167e+003	1.597167e+003	1.597167e+003		
5.639560e+002	1.621959e+003	1.621959e+003	1.621959e+003	1.621959e+003	1.621959e+003	1.621959e+003	1.621959e+003		
5.638560e+002	1.613501e+003	1.613501e+003	1.613501e+003	1.613501e+003	1.613501e+003	1.613501e+003	1.613501e+003		
5.637560e+002	1.603292e+003	1.603292e+003	1.603292e+003	1.603292e+003	1.603292e+003	1.603292e+003	1.603292e+003		
5.636560e+002	1.612917e+003	1.612917e+003	1.612917e+003	1.612917e+003	1.612917e+003	1.612917e+003	1.612917e+003		
5.635560e+002	1.599792e+003	1.599792e+003	1.599792e+003	1.599792e+003	1.599792e+003	1.599792e+003	1.599792e+003		
5.634560e+002	1.595126e+003	1.595126e+003	1.595126e+003	1.595126e+003	1.595126e+003	1.595126e+003	1.595126e+003		
5.633560e+002	1.623126e+003	1.623126e+003	1.623126e+003	1.623126e+003	1.623126e+003	1.623126e+003	1.623126e+003		
5.632560e+002	1.594542e+003	1.594542e+003	1.594542e+003	1.594542e+003	1.594542e+003	1.594542e+003	1.594542e+003		
5.631560e+002	1.631584e+003	1.631584e+003	1.631584e+003	1.631584e+003	1.631584e+003	1.631584e+003	1.631584e+003		
5.630560e+002	1.571501e+003	1.571501e+003	1.571501e+003	1.571501e+003	1.571501e+003	1.571501e+003	1.571501e+003		
5.629560e+002	1.583459e+003	1.583459e+003	1.583459e+003	1.583459e+003	1.583459e+003	1.583459e+003	1.583459e+003		
5.628560e+002	1.620209e+003	1.620209e+003	1.620209e+003	1.620209e+003	1.620209e+003	1.620209e+003	1.620209e+003		
5.627560e+002	1.630709e+003	1.630709e+003	1.630709e+003	1.630709e+003	1.630709e+003	1.630709e+003	1.630709e+003		
5.626560e+002	1.614376e+003	1.614376e+003	1.614376e+003	1.614376e+003	1.614376e+003	1.614376e+003	1.614376e+003		