Name		Cr 2p	Cr 2p	Cr 2p	Cr 2p				
Position		577.377	586.577	574.55	583.75				
FWHM		3.80226	3.80226	0.578289	0.578289				
Area		7795.1	3897.6	45.891	22.945				
Lineshape		GL(30)	GL(30)	GL(30)	GL(30)				

B.E.	Cycle 2:Cr 2p/17:CPS	Cr 2p/17:Cr 2p	Cr 2p/17:Cr 2p	Cr 2p/17:Cr 2p	Cr 2p/17:Cr 2p	Background	Envelope		
5.975202e+002	2.617418e+003	2.617418e+003	2.617418e+003	2.617418e+003	2.617418e+003	2.617418e+003	2.617418e+003		
5.974202e+002	2.662918e+003	2.662918e+003	2.662918e+003	2.662918e+003	2.662918e+003	2.662918e+003	2.662918e+003		
5.973202e+002	2.662334e+003	2.662334e+003	2.662335e+003	2.662334e+003	2.662334e+003	2.662334e+003	2.662335e+003		
5.972202e+002	2.619459e+003	2.619459e+003	2.619460e+003	2.619459e+003	2.619459e+003	2.619459e+003	2.619460e+003		
5.971202e+002	2.653584e+003	2.653584e+003	2.653585e+003	2.653584e+003	2.653584e+003	2.653584e+003	2.653585e+003		
5.970202e+002	2.618001e+003	2.618001e+003	2.618001e+003	2.618001e+003	2.618001e+003	2.618001e+003	2.618001e+003		
5.969202e+002	2.620918e+003	2.620918e+003	2.620918e+003	2.620918e+003	2.620918e+003	2.620918e+003	2.620918e+003		
5.968202e+002	2.627043e+003	2.627043e+003	2.627043e+003	2.627043e+003	2.627043e+003	2.627043e+003	2.627043e+003		
5.967202e+002	2.595834e+003	2.595834e+003	2.595835e+003	2.595834e+003	2.595834e+003	2.595834e+003	2.595835e+003		
5.966202e+002	2.602251e+003	2.602251e+003	2.602251e+003	2.602251e+003	2.602251e+003	2.602251e+003	2.602251e+003		
5.965202e+002	2.624709e+003	2.624709e+003	2.624710e+003	2.624709e+003	2.624709e+003	2.624709e+003	2.624710e+003		
5.964202e+002	2.637834e+003	2.637834e+003	2.637835e+003	2.637834e+003	2.637834e+003	2.637834e+003	2.637835e+003		
5.963202e+002	2.618876e+003	2.618876e+003	2.618877e+003	2.618876e+003	2.618876e+003	2.618876e+003	2.618877e+003		
5.962202e+002	2.599626e+003	2.599626e+003	2.599627e+003	2.599626e+003	2.599626e+003	2.599626e+003	2.599627e+003		
5.961202e+002	2.629376e+003	2.629376e+003	2.629378e+003	2.629376e+003	2.629376e+003	2.629376e+003	2.629378e+003		
5.960202e+002	2.639876e+003	2.639876e+003	2.639878e+003	2.639876e+003	2.639876e+003	2.639876e+003	2.639878e+003		
5.959202e+002	2.612168e+003	2.612168e+003	2.612170e+003	2.612168e+003	2.612168e+003	2.612168e+003	2.612170e+003		
5.958202e+002	2.589709e+003	2.589709e+003	2.589713e+003	2.589709e+003	2.589709e+003	2.589709e+003	2.589713e+003		
5.957202e+002	2.587668e+003	2.587668e+003	2.587672e+003	2.587668e+003	2.587668e+003	2.587668e+003	2.587672e+003		
5.956202e+002	2.601084e+003	2.601084e+003	2.601090e+003	2.601084e+003	2.601084e+003	2.601084e+003	2.601090e+003		
5.955202e+002	2.612751e+003	2.612751e+003	2.612758e+003	2.612751e+003	2.612751e+003	2.612751e+003	2.612758e+003		
5.954202e+002	2.559668e+003	2.559668e+003	2.559676e+003	2.559668e+003	2.559668e+003	2.559668e+003	2.559676e+003		
5.953202e+002	2.591751e+003	2.591751e+003	2.591762e+003	2.591751e+003	2.591751e+003	2.591751e+003	2.591762e+003		
5.952202e+002	2.621209e+003	2.621209e+003	2.621223e+003	2.621209e+003	2.621209e+003	2.621209e+003	2.621223e+003		
5.951202e+002	2.557334e+003	2.557334e+003	2.557351e+003	2.557334e+003	2.557334e+003	2.557334e+003	2.557351e+003		
5.950202e+002	2.564918e+003	2.564918e+003	2.564939e+003	2.564918e+003	2.564918e+003	2.564918e+003	2.564939e+003		
5.949202e+002	2.556168e+003	2.556168e+003	2.556194e+003	2.556168e+003	2.556168e+003	2.556168e+003	2.556194e+003		
5.948202e+002	2.583584e+003	2.583584e+003	2.583618e+003	2.583584e+003	2.583584e+003	2.583584e+003	2.583618e+003		
5.947202e+002	2.593209e+003	2.593209e+003	2.593251e+003	2.593209e+003	2.593209e+003	2.593209e+003	2.593251e+003		
5.946202e+002	2.531959e+003	2.531959e+003	2.532011e+003	2.531959e+003	2.531959e+003	2.531959e+003	2.532011e+003		
5.945202e+002	2.518543e+003	2.518543e+003	2.518607e+003	2.518543e+003	2.518543e+003	2.518543e+003	2.518607e+003		
5.944202e+002	2.525834e+003	2.525834e+003	2.525915e+003	2.525834e+003	2.525834e+003	2.525834e+003	2.525915e+003		
5.943202e+002	2.535751e+003	2.535751e+003	2.535851e+003	2.535751e+003	2.535751e+003	2.535751e+003	2.535851e+003		
5.942202e+002	2.527293e+003	2.527293e+003	2.527416e+003	2.527293e+003	2.527293e+003	2.527293e+003	2.527416e+003		
5.941202e+002	2.484126e+003	2.484126e+003	2.484278e+003	2.484126e+003	2.484126e+003	2.484126e+003	2.484278e+003		
5.940202e+002	2.536918e+003	2.536918e+003	2.537104e+003	2.536918e+003	2.536918e+003	2.536918e+003	2.537104e+003		
5.939202e+002	2.510084e+003	2.510084e+003	2.510314e+003	2.510084e+003	2.510084e+003	2.510084e+003	2.510314e+003		
5.938202e+002	2.501626e+003	2.501626e+003	2.501907e+003	2.501626e+003	2.501626e+003	2.501626e+003	2.501907e+003		
5.937202e+002	2.495793e+003	2.495793e+003	2.496136e+003	2.495793e+003	2.495793e+003	2.495793e+003	2.496136e+003		
5.936202e+002	2.535168e+003	2.535168e+003	2.535586e+003	2.535168e+003	2.535168e+003	2.535168e+003	2.535586e+003		
5.935202e+002	2.533126e+003	2.533126e+003	2.533635e+003	2.533126e+003	2.533126e+003	2.533126e+003	2.533635e+003		
5.934202e+002	2.506293e+003	2.506293e+003	2.506910e+003	2.506293e+003	2.506293e+003	2.506293e+003	2.506910e+003		
5.933202e+002	2.469834e+003	2.469834e+003	2.470582e+003	2.469834e+003	2.469834e+003	2.469834e+003	2.470582e+003		
5.932202e+002	2.471876e+003	2.457191e+003	2.458095e+003	2.457191e+003	2.457191e+003	2.457191e+003	2.458095e+003		
5.931202e+002	2.430168e+003	2.457006e+003	2.458095e+003	2.457006e+003	2.457006e+003	2.457006e+003	2.458095e+003		
5.930202e+002	2.499584e+003	2.456710e+003	2.458019e+003	2.456710e+003	2.456710e+003	2.456710e+003	2.458019e+003		
5.929202e+002	2.493459e+003	2.456454e+003	2.458026e+003	2.456454e+003	2.456454e+003	2.456454e+003	2.458026e+003		
5.928202e+002	2.528459e+003	2.455953e+003	2.457835e+003	2.455953e+003	2.455953e+003	2.455953e+003	2.457835e+003		
5.927202e+002	2.512709e+003	2.455559e+003	2.457806e+003	2.455559e+003	2.455559e+003	2.455559e+003	2.457806e+003		
5.926202e+002	2.497834e+003	2.455265e+003	2.457943e+003	2.455265e+003	2.455265e+003	2.455265e+003	2.457943e+003		
5.925202e+002	2.493168e+003	2.455001e+003	2.458185e+003	2.455001e+003	2.455001e+003	2.455001e+003	2.458185e+003		
5.924202e+002	2.458751e+003	2.454975e+003	2.458752e+003	2.454975e+003	2.454975e+003	2.454975e+003	2.458752e+003		
5.923202e+002	2.433084e+003	2.454825e+003	2.459295e+003	2.454825e+003	2.454825e+003	2.454825e+003	2.459295e+003		
5.922202e+002	2.451168e+003	2.454800e+003	2.460078e+003	2.454800e+003	2.454800e+003	2.454800e+003	2.460078e+003		
5.921202e+002	2.467501e+003	2.454711e+003	2.460930e+003	2.454711e+003	2.454711e+003	2.454711e+003	2.460930e+003		
5.920202e+002	2.484418e+003	2.454505e+003	2.461815e+003	2.454505e+003	2.454505e+003	2.454505e+003	2.461815e+003		
5.919202e+002	2.503376e+003	2.454165e+003	2.462738e+003	2.454165e+003	2.454165e+003	2.454165e+003	2.462738e+003		
5.918202e+002	2.472751e+003	2.454036e+003	2.464067e+003	2.454036e+003	2.454036e+003	2.454036e+003	2.464067e+003		
5.917202e+002	2.485584e+003	2.453816e+003	2.465526e+003	2.453816e+003	2.453816e+003	2.453816e+003	2.465526e+003		
5.916202e+002	2.491126e+003	2.453557e+003	2.467195e+003	2.453557e+003	2.453557e+003	2.453557e+003	2.467195e+003		
5.915202e+002	2.494626e+003	2.453271e+003	2.469118e+003	2.453271e+003	2.453271e+003	2.453271e+003	2.469118e+003		
5.914202e+002	2.521168e+003	2.452799e+003	2.471174e+003	2.452799e+003	2.452799e+003	2.452799e+003	2.471174e+003		
5.913202e+002	2.504251e+003	2.452441e+003	2.473698e+003	2.452441e+003	2.452441e+003	2.452441e+003	2.473698e+003		
5.912202e+002	2.485584e+003	2.452211e+003	2.476744e+003	2.452211e+003	2.452211e+003	2.452211e+003	2.476744e+003		
5.911202e+002	2.534876e+003	2.451636e+003	2.479884e+003	2.451636e+003	2.451636e+003	2.451636e+003	2.479884e+003		
5.910202e+002	2.532834e+003	2.451071e+003	2.483521e+003	2.451071e+003	2.451071e+003	2.451071e+003	2.483521e+003		
5.909202e+002	2.507459e+003	2.450679e+003	2.487867e+003	2.450679e+003	2.450679e+003	2.450679e+003	2.487867e+003		
5.908202e+002	2.552084e+003	2.449973e+003	2.492490e+003	2.449973e+003	2.449973e+003	2.449973e+003	2.492490e+003		
5.907202e+002	2.541584e+003	2.449336e+003	2.497829e+003	2.449336e+003	2.449336e+003	2.449336e+003	2.497829e+003		
5.906202e+002	2.558209e+003	2.448579e+003	2.503756e+003	2.448579e+003	2.448579e+003	2.448579e+003	2.503756e+003		
5.905202e+002	2.549168e+003	2.447880e+003	2.510511e+003	2.447880e+003	2.447880e+003	2.447880e+003	2.510511e+003		
5.904202e+002	2.574834e+003	2.446997e+003	2.517916e+003	2.446997e+003	2.446997e+003	2.446997e+003	2.517916e+003		
5.903202e+002	2.603418e+003	2.445909e+003	2.526018e+003	2.445909e+003	2.445909e+003	2.445909e+003	2.526018e+003		
5.902202e+002	2.604293e+003	2.444807e+003	2.535074e+003	2.444807e+003	2.444807e+003	2.444807e+003	2.535074e+003		
5.901202e+002	2.632293e+003	2.443503e+003	2.544963e+003	2.443503e+003	2.443503e+003	2.443503e+003	2.544963e+003		
5.900202e+002	2.670501e+003	2.441925e+003	2.555681e+003	2.441925e+003	2.441925e+003	2.441925e+003	2.555681e+003		
5.899202e+002	2.649793e+003	2.440479e+003	2.567701e+003	2.440479e+003	2.440479e+003	2.440479e+003	2.567701e+003		
5.898202e+002	2.657668e+003	2.438968e+003	2.580887e+003	2.438968e+003	2.438968e+003	2.438968e+003	2.580887e+003		
5.897202e+002	2.682168e+003	2.437277e+003	2.595182e+003	2.437277e+003	2.437277e+003	2.437277e+003	2.595182e+003		
5.896202e+002	2.734084e+003	2.435213e+003	2.610448e+003	2.435213e+003	2.435213e+003	2.435213e+003	2.610448e+003		
5.895202e+002	2.687709e+003	2.433457e+003	2.627412e+003	2.433457e+003	2.433457e+003	2.433457e+003	2.627412e+003		
5.894202e+002	2.695876e+003	2.431632e+003	2.645734e+003	2.431632e+003	2.431632e+003	2.431632e+003	2.645734e+003		
5.893202e+002	2.696459e+003	2.429790e+003	2.665493e+003	2.429790e+003	2.429790e+003	2.429790e+003	2.665493e+003		
5.892202e+002	2.748376e+003	2.427574e+003	2.686346e+003	2.427574e+003	2.427574e+003	2.427574e+003	2.686346e+003		
5.891202e+002	2.773168e+003	2.425170e+003	2.708478e+003	2.425170e+003	2.425170e+003	2.425170e+003	2.708478e+003		
5.890202e+002	2.804376e+003	2.422533e+003	2.731826e+003	2.422533e+003	2.422533e+003	2.422533e+003	2.731826e+003		
5.889202e+002	2.791251e+003	2.419969e+003	2.756660e+003	2.419969e+003	2.419969e+003	2.419969e+003	2.756660e+003		
5.888202e+002	2.834710e+003	2.417084e+003	2.782532e+003	2.417084e+003	2.417084e+003	2.417084e+003	2.782532e+003		
5.887202e+002	2.828001e+003	2.414226e+003	2.809708e+003	2.414226e+003	2.414226e+003	2.414226e+003	2.809708e+003		
5.886202e+002	2.853376e+003	2.411172e+003	2.837863e+003	2.411172e+003	2.411172e+003	2.411172e+003	2.837863e+003		
5.885202e+002	2.894793e+003	2.407809e+003	2.866755e+003	2.407809e+003	2.407809e+003	2.407809e+003	2.866755e+003		
5.884202e+002	2.988710e+003	2.403769e+003	2.895862e+003	2.403769e+003	2.403769e+003	2.403769e+003	2.895862e+003		
5.883202e+002	2.974710e+003	2.399798e+003	2.925749e+003	2.399798e+003	2.399798e+003	2.399798e+003	2.925749e+003		
5.882202e+002	2.972376e+003	2.395816e+003	2.956126e+003	2.395816e+003	2.395816e+003	2.395816e+003	2.956126e+003		
5.881202e+002	3.063668e+003	2.391171e+003	2.986109e+003	2.391171e+003	2.391171e+003	2.391171e+003	2.986109e+003		
5.880202e+002	3.075335e+003	2.386413e+003	3.015989e+003	2.386413e+003	2.386413e+003	2.386413e+003	3.015989e+003		
5.879202e+002	3.110626e+003	2.381376e+003	3.045320e+003	2.381376e+003	2.381376e+003	2.381376e+003	3.045320e+003		
5.878202e+002	3.130168e+003	2.376168e+003	3.073909e+003	2.376168e+003	2.376168e+003	2.376168e+003	3.073909e+003		
5.877202e+002	3.206876e+003	2.370391e+003	3.101042e+003	2.370391e+003	2.370391e+003	2.370391e+003	3.101043e+003		
5.876202e+002	3.257043e+003	2.364225e+003	3.126575e+003	2.364224e+003	2.364224e+003	2.364224e+003	3.126575e+003		
5.875202e+002	3.264335e+003	2.357965e+003	3.150470e+003	2.357964e+003	2.357964e+003	2.357964e+003	3.150470e+003		
5.874202e+002	3.303126e+003	2.351391e+003	3.172176e+003	2.351391e+003	2.351391e+003	2.351391e+003	3.172177e+003		
5.873202e+002	3.284751e+003	2.344900e+003	3.191764e+003	2.344899e+003	2.344899e+003	2.344899e+003	3.191765e+003		
5.872202e+002	3.348918e+003	2.337918e+003	3.208349e+003	2.337916e+003	2.337916e+003	2.337916e+003	3.208350e+003		
5.871202e+002	3.339001e+003	2.330956e+003	3.222152e+003	2.330954e+003	2.330954e+003	2.330954e+003	3.222154e+003		
5.870202e+002	3.312460e+003	2.324130e+003	3.233025e+003	2.324128e+003	2.324128e+003	2.324128e+003	3.233027e+003		
5.869202e+002	3.331418e+003	2.317125e+003	3.240422e+003	2.317122e+003	2.317122e+003	2.317122e+003	3.240425e+003		
5.868202e+002	3.351251e+003	2.309934e+003	3.244145e+003	2.309930e+003	2.309930e+003	2.309930e+003	3.244148e+003		
5.867202e+002	3.294668e+003	2.303086e+003	3.244576e+003	2.303081e+003	2.303081e+003	2.303081e+003	3.244580e+003		
5.866202e+002	3.310710e+003	2.296080e+003	3.241113e+003	2.296074e+003	2.296074e+003	2.296074e+003	3.241119e+003		
5.865202e+002	3.313626e+003	2.289005e+003	3.233798e+003	2.288997e+003	2.288997e+003	2.288997e+003	3.233806e+003		
5.864202e+002	3.247126e+003	2.282343e+003	3.223116e+003	2.282333e+003	2.282333e+003	2.282333e+003	3.223127e+003		
5.863202e+002	3.198126e+003	2.275977e+003	3.209005e+003	2.275964e+003	2.275964e+003	2.275964e+003	3.209018e+003		
5.862202e+002	3.157876e+003	2.269847e+003	3.191509e+003	2.269830e+003	2.269830e+003	2.269830e+003	3.191525e+003		
5.861202e+002	3.151751e+003	2.263718e+003	3.170546e+003	2.263697e+003	2.263697e+003	2.263697e+003	3.170567e+003		
5.860202e+002	3.097210e+003	2.257926e+003	3.146650e+003	2.257900e+003	2.257900e+003	2.257900e+003	3.146676e+003		
5.859202e+002	3.077960e+003	2.252230e+003	3.119812e+003	2.252196e+003	2.252196e+003	2.252196e+003	3.119845e+003		
5.858202e+002	3.002418e+003	2.247021e+003	3.090692e+003	2.246979e+003	2.246979e+003	2.246979e+003	3.090734e+003		
5.857202e+002	2.986668e+003	2.241887e+003	3.059171e+003	2.241834e+003	2.241834e+003	2.241834e+003	3.059224e+003		
5.856202e+002	2.992210e+003	2.236682e+003	3.025415e+003	2.236616e+003	2.236616e+003	2.236616e+003	3.025482e+003		
5.855202e+002	2.956918e+003	2.231689e+003	2.990034e+003	2.231606e+003	2.231606e+003	2.231606e+003	2.990117e+003		
5.854202e+002	2.858335e+003	2.227351e+003	2.953801e+003	2.227247e+003	2.227247e+003	2.227247e+003	2.953905e+003		
5.853202e+002	2.858335e+003	2.222987e+003	2.916367e+003	2.222858e+003	2.222858e+003	2.222858e+003	2.916496e+003		
5.852202e+002	2.825085e+003	2.218830e+003	2.878287e+003	2.218670e+003	2.218670e+003	2.218670e+003	2.878448e+003		
5.851202e+002	2.786876e+003	2.214917e+003	2.839912e+003	2.214718e+003	2.214718e+003	2.214718e+003	2.840111e+003		
5.850202e+002	2.763251e+003	2.211149e+003	2.801440e+003	2.210903e+003	2.210904e+003	2.210903e+003	2.801687e+003		
5.849202e+002	2.734668e+003	2.207564e+003	2.763183e+003	2.207260e+003	2.207264e+003	2.207260e+003	2.763491e+003		
5.848202e+002	2.720084e+003	2.204067e+003	2.725303e+003	2.203694e+003	2.203710e+003	2.203694e+003	2.725692e+003		
5.847202e+002	2.662334e+003	2.200962e+003	2.688329e+003	2.200504e+003	2.200561e+003	2.200504e+003	2.688844e+003		
5.846202e+002	2.605168e+003	2.198251e+003	2.652465e+003	2.197689e+003	2.197870e+003	2.197689e+003	2.653206e+003		
5.845202e+002	2.569293e+003	2.195791e+003	2.617744e+003	2.195105e+003	2.195619e+003	2.195105e+003	2.618944e+003		
5.844202e+002	2.538959e+003	2.193550e+003	2.584281e+003	2.192714e+003	2.194040e+003	2.192714e+003	2.586444e+003		
5.843202e+002	2.531959e+003	2.191372e+003	2.552040e+003	2.190354e+003	2.193441e+003	2.190354e+003	2.556144e+003		
5.842202e+002	2.501334e+003	2.189426e+003	2.521285e+003	2.188191e+003	2.194659e+003	2.188191e+003	2.528987e+003		
5.841202e+002	2.520876e+003	2.187373e+003	2.491745e+003	2.185877e+003	2.197968e+003	2.185877e+003	2.505331e+003		
5.840202e+002	2.495793e+003	2.185529e+003	2.463783e+003	2.183722e+003	2.203668e+003	2.183722e+003	2.485536e+003		
5.839202e+002	2.403626e+003	2.184371e+003	2.437901e+003	2.182193e+003	2.210804e+003	2.182193e+003	2.468691e+003		
5.838202e+002	2.399543e+003	2.183300e+003	2.413505e+003	2.180681e+003	2.215761e+003	2.180681e+003	2.451205e+003		
5.837202e+002	2.396918e+003	2.182320e+003	2.390585e+003	2.179177e+003	2.215503e+003	2.179177e+003	2.430054e+003		
5.836202e+002	2.378543e+003	2.181553e+003	2.369233e+003	2.177791e+003	2.209440e+003	2.177791e+003	2.404645e+003		
5.835202e+002	2.361334e+003	2.181008e+003	2.349415e+003	2.176514e+003	2.199958e+003	2.176514e+003	2.377353e+003		
5.834202e+002	2.323126e+003	2.180850e+003	2.331238e+003	2.175494e+003	2.190485e+003	2.175494e+003	2.351585e+003		
5.833202e+002	2.368918e+003	2.180517e+003	2.314073e+003	2.174149e+003	2.182568e+003	2.174149e+003	2.328860e+003		
5.832202e+002	2.356376e+003	2.180436e+003	2.298270e+003	2.172882e+003	2.177083e+003	2.172882e+003	2.310025e+003		
5.831202e+002	2.321376e+003	2.180790e+003	2.283925e+003	2.171849e+003	2.173728e+003	2.171849e+003	2.294745e+003		
5.830202e+002	2.342959e+003	2.181216e+003	2.270583e+003	2.170659e+003	2.171418e+003	2.170659e+003	2.281900e+003		
5.829202e+002	2.317584e+003	2.182075e+003	2.258505e+003	2.169637e+003	2.169914e+003	2.169637e+003	2.271220e+003		
5.828202e+002	2.328084e+003	2.183155e+003	2.247374e+003	2.168535e+003	2.168626e+003	2.168535e+003	2.262086e+003		
5.827202e+002	2.305043e+003	2.184732e+003	2.237360e+003	2.167585e+003	2.167613e+003	2.167585e+003	2.254534e+003		
5.826202e+002	2.308251e+003	2.186669e+003	2.228214e+003	2.166607e+003	2.166615e+003	2.166607e+003	2.248284e+003		
5.825202e+002	2.347334e+003	2.188770e+003	2.219615e+003	2.165350e+003	2.165352e+003	2.165350e+003	2.243036e+003		
5.824202e+002	2.335084e+003	2.191446e+003	2.211852e+003	2.164170e+003	2.164170e+003	2.164170e+003	2.239129e+003		
5.823202e+002	2.330709e+003	2.194706e+003	2.204810e+003	2.163011e+003	2.163011e+003	2.163011e+003	2.236505e+003		
5.822202e+002	2.303876e+003	2.198781e+003	2.198586e+003	2.162032e+003	2.162032e+003	2.162032e+003	2.235335e+003		
5.821202e+002	2.337709e+003	2.203323e+003	2.192702e+003	2.160810e+003	2.160810e+003	2.160810e+003	2.235216e+003		
5.820202e+002	2.315834e+003	2.208798e+003	2.187492e+003	2.159732e+003	2.159732e+003	2.159732e+003	2.236558e+003		
5.819202e+002	2.329543e+003	2.215048e+003	2.182657e+003	2.158551e+003	2.158551e+003	2.158551e+003	2.239154e+003		
5.818202e+002	2.302418e+003	2.222450e+003	2.178435e+003	2.157550e+003	2.157550e+003	2.157550e+003	2.243334e+003		
5.817202e+002	2.343251e+003	2.230634e+003	2.174310e+003	2.156258e+003	2.156258e+003	2.156258e+003	2.248686e+003		
5.816202e+002	2.326918e+003	2.240105e+003	2.170638e+003	2.155071e+003	2.155071e+003	2.155071e+003	2.255671e+003		
5.815202e+002	2.327501e+003	2.250858e+003	2.167265e+003	2.153872e+003	2.153872e+003	2.153872e+003	2.264251e+003		
5.814202e+002	2.354918e+003	2.262828e+003	2.163970e+003	2.152474e+003	2.152474e+003	2.152474e+003	2.274324e+003		
5.813202e+002	2.363668e+003	2.276267e+003	2.160850e+003	2.151005e+003	2.151005e+003	2.151005e+003	2.286112e+003		
5.812202e+002	2.377084e+003	2.291272e+003	2.157844e+003	2.149433e+003	2.149433e+003	2.149433e+003	2.299683e+003		
5.811202e+002	2.416459e+003	2.307793e+003	2.154746e+003	2.147575e+003	2.147575e+003	2.147575e+003	2.314964e+003		
5.810202e+002	2.429584e+003	2.326147e+003	2.151712e+003	2.145614e+003	2.145614e+003	2.145614e+003	2.332246e+003		
5.809202e+002	2.464293e+003	2.346318e+003	2.148572e+003	2.143398e+003	2.143398e+003	2.143398e+003	2.351493e+003		
5.808202e+002	2.463709e+003	2.368683e+003	2.145551e+003	2.141170e+003	2.141170e+003	2.141170e+003	2.373064e+003		
5.807202e+002	2.482084e+003	2.393242e+003	2.142499e+003	2.138799e+003	2.138799e+003	2.138799e+003	2.396943e+003		
5.806202e+002	2.478293e+003	2.420275e+003	2.139556e+003	2.136438e+003	2.136438e+003	2.136438e+003	2.423393e+003		
5.805202e+002	2.532834e+003	2.449491e+003	2.136303e+003	2.133681e+003	2.133681e+003	2.133681e+003	2.452113e+003		
5.804202e+002	2.567251e+003	2.481136e+003	2.132865e+003	2.130665e+003	2.130665e+003	2.130665e+003	2.483336e+003		
5.803202e+002	2.582709e+003	2.515432e+003	2.129362e+003	2.127521e+003	2.127521e+003	2.127521e+003	2.517273e+003		
5.802202e+002	2.625876e+003	2.552260e+003	2.125593e+003	2.124055e+003	2.124055e+003	2.124055e+003	2.553798e+003		
5.801202e+002	2.647168e+003	2.591824e+003	2.121698e+003	2.120417e+003	2.120417e+003	2.120417e+003	2.593105e+003		
5.800202e+002	2.709001e+003	2.633867e+003	2.117388e+003	2.116324e+003	2.116324e+003	2.116324e+003	2.634932e+003		
5.799202e+002	2.741668e+003	2.678589e+003	2.112857e+003	2.111974e+003	2.111974e+003	2.111974e+003	2.679472e+003		
5.798202e+002	2.736709e+003	2.726214e+003	2.108360e+003	2.107629e+003	2.107629e+003	2.107629e+003	2.726945e+003		
5.797202e+002	2.766751e+003	2.776428e+003	2.103648e+003	2.103045e+003	2.103045e+003	2.103045e+003	2.777031e+003		
5.796202e+002	2.797084e+003	2.829113e+003	2.098715e+003	2.098218e+003	2.098218e+003	2.098218e+003	2.829610e+003		
5.795202e+002	2.800001e+003	2.884301e+003	2.093746e+003	2.093337e+003	2.093337e+003	2.093337e+003	2.884709e+003		
5.794202e+002	2.892751e+003	2.941159e+003	2.088112e+003	2.087777e+003	2.087777e+003	2.087777e+003	2.941494e+003		
5.793202e+002	2.938251e+003	2.999755e+003	2.082136e+003	2.081863e+003	2.081863e+003	2.081863e+003	3.000029e+003		
5.792202e+002	2.997751e+003	3.059679e+003	2.075716e+003	2.075493e+003	2.075493e+003	2.075493e+003	3.059903e+003		
5.791202e+002	2.987251e+003	3.121053e+003	2.069333e+003	2.069151e+003	2.069151e+003	2.069151e+003	3.121235e+003		
5.790202e+002	3.047626e+003	3.182967e+003	2.062494e+003	2.062346e+003	2.062346e+003	2.062346e+003	3.183115e+003		
5.789202e+002	3.082335e+003	3.245129e+003	2.055372e+003	2.055252e+003	2.055252e+003	2.055252e+003	3.245249e+003		
5.788202e+002	3.167793e+003	3.306668e+003	2.047612e+003	2.047515e+003	2.047515e+003	2.047515e+003	3.306765e+003		
5.787202e+002	3.245668e+003	3.367069e+003	2.039260e+003	2.039182e+003	2.039182e+003	2.039182e+003	3.367148e+003		
5.786202e+002	3.276293e+003	3.426059e+003	2.030641e+003	2.030578e+003	2.030578e+003	2.030578e+003	3.426122e+003		
5.785202e+002	3.341335e+003	3.482765e+003	2.021512e+003	2.021462e+003	2.021462e+003	2.021462e+003	3.482816e+003		
5.784202e+002	3.404335e+003	3.536545e+003	2.011884e+003	2.011844e+003	2.011844e+003	2.011844e+003	3.536586e+003		
5.783202e+002	3.432043e+003	3.586978e+003	2.001999e+003	2.001967e+003	2.001967e+003	2.001967e+003	3.587010e+003		
5.782202e+002	3.552501e+003	3.632753e+003	1.991209e+003	1.991183e+003	1.991183e+003	1.991183e+003	3.632779e+003		
5.781202e+002	3.558918e+003	3.674009e+003	1.980300e+003	1.980280e+003	1.980280e+003	1.980280e+003	3.674029e+003		
5.780202e+002	3.614335e+003	3.709780e+003	1.968931e+003	1.968915e+003	1.968915e+003	1.968915e+003	3.709796e+003		
5.779202e+002	3.610252e+003	3.739896e+003	1.957513e+003	1.957500e+003	1.957500e+003	1.957500e+003	3.739909e+003		
5.778202e+002	3.651085e+003	3.763516e+003	1.945731e+003	1.945721e+003	1.945721e+003	1.945721e+003	3.763526e+003		
5.777202e+002	3.714377e+003	3.780020e+003	1.933428e+003	1.933420e+003	1.933420e+003	1.933420e+003	3.780028e+003		
5.776202e+002	3.768335e+003	3.789088e+003	1.920665e+003	1.920659e+003	1.920659e+003	1.920659e+003	3.789094e+003		
5.775202e+002	3.781752e+003	3.790703e+003	1.907720e+003	1.907715e+003	1.907715e+003	1.907715e+003	3.790708e+003		
5.774202e+002	3.769210e+003	3.784847e+003	1.894773e+003	1.894769e+003	1.894769e+003	1.894769e+003	3.784851e+003		
5.773202e+002	3.809460e+003	3.771055e+003	1.881455e+003	1.881452e+003	1.881452e+003	1.881452e+003	3.771058e+003		
5.772202e+002	3.808293e+003	3.749618e+003	1.868054e+003	1.868051e+003	1.868051e+003	1.868051e+003	3.749621e+003		
5.771202e+002	3.738585e+003	3.721123e+003	1.855044e+003	1.855042e+003	1.855042e+003	1.855042e+003	3.721125e+003		
5.770202e+002	3.736835e+003	3.685311e+003	1.841956e+003	1.841954e+003	1.841954e+003	1.841954e+003	3.685313e+003		
5.769202e+002	3.779127e+003	3.642181e+003	1.828483e+003	1.828482e+003	1.828482e+003	1.828482e+003	3.642182e+003		
5.768202e+002	3.744418e+003	3.592657e+003	1.815158e+003	1.815157e+003	1.815157e+003	1.815157e+003	3.592658e+003		
5.767202e+002	3.752002e+003	3.536917e+003	1.801687e+003	1.801686e+003	1.801686e+003	1.801686e+003	3.536918e+003		
5.766202e+002	3.691918e+003	3.475966e+003	1.788540e+003	1.788540e+003	1.788540e+003	1.788540e+003	3.475967e+003		
5.765202e+002	3.607043e+003	3.410566e+003	1.775893e+003	1.775893e+003	1.775893e+003	1.775893e+003	3.410566e+003		
5.764202e+002	3.523335e+003	3.341339e+003	1.763740e+003	1.763739e+003	1.763739e+003	1.763739e+003	3.341339e+003		
5.763202e+002	3.374876e+003	3.269390e+003	1.752534e+003	1.752534e+003	1.752534e+003	1.752534e+003	3.269391e+003		
5.762202e+002	3.263751e+003	3.195132e+003	1.742024e+003	1.742024e+003	1.742024e+003	1.742024e+003	3.195132e+003		
5.761202e+002	3.124043e+003	3.119429e+003	1.732412e+003	1.732412e+003	1.732412e+003	1.732412e+003	3.119430e+003		
5.760202e+002	3.020210e+003	3.042691e+003	1.723456e+003	1.723456e+003	1.723456e+003	1.723456e+003	3.042691e+003		
5.759202e+002	2.910835e+003	2.965586e+003	1.715198e+003	1.715198e+003	1.715198e+003	1.715198e+003	2.965587e+003		
5.758202e+002	2.848418e+003	2.888390e+003	1.707316e+003	1.707318e+003	1.707316e+003	1.707316e+003	2.888392e+003		
5.757202e+002	2.739626e+003	2.811983e+003	1.700137e+003	1.700145e+003	1.700137e+003	1.700137e+003	2.811992e+003		
5.756202e+002	2.630251e+003	2.736886e+003	1.693668e+003	1.693701e+003	1.693668e+003	1.693668e+003	2.736919e+003		
5.755202e+002	2.548584e+003	2.663372e+003	1.687722e+003	1.687837e+003	1.687722e+003	1.687722e+003	2.663486e+003		
5.754202e+002	2.494334e+003	2.591663e+003	1.682112e+003	1.682473e+003	1.682112e+003	1.682112e+003	2.592024e+003		
5.753202e+002	2.424626e+003	2.522227e+003	1.676948e+003	1.677976e+003	1.676948e+003	1.676948e+003	2.523255e+003		
5.752202e+002	2.352001e+003	2.455388e+003	1.672253e+003	1.674907e+003	1.672253e+003	1.672253e+003	2.458042e+003		
5.751202e+002	2.340334e+003	2.390978e+003	1.667607e+003	1.673780e+003	1.667607e+003	1.667607e+003	2.397151e+003		
5.750202e+002	2.324001e+003	2.329229e+003	1.663042e+003	1.675977e+003	1.663042e+003	1.663042e+003	2.342163e+003		
5.749202e+002	2.270043e+003	2.270555e+003	1.658820e+003	1.683002e+003	1.658820e+003	1.658820e+003	2.294736e+003		
5.748202e+002	2.292501e+003	2.214535e+003	1.654413e+003	1.694305e+003	1.654413e+003	1.654413e+003	2.254427e+003		
5.747202e+002	2.250501e+003	2.161684e+003	1.650267e+003	1.707490e+003	1.650267e+003	1.650267e+003	2.218907e+003		
5.746202e+002	2.242626e+003	2.111797e+003	1.646148e+003	1.716309e+003	1.646148e+003	1.646148e+003	2.181958e+003		
5.745202e+002	2.182834e+003	2.065231e+003	1.642415e+003	1.715067e+003	1.642415e+003	1.642415e+003	2.137882e+003		
5.744202e+002	2.122459e+003	2.021962e+003	1.639076e+003	1.702375e+003	1.639076e+003	1.639076e+003	2.085260e+003		
5.743202e+002	2.032626e+003	1.982141e+003	1.636339e+003	1.683228e+003	1.636339e+003	1.636339e+003	2.029029e+003		
5.742202e+002	1.992084e+003	1.945352e+003	1.633865e+003	1.663847e+003	1.633865e+003	1.633865e+003	1.975334e+003		
5.741202e+002	1.897292e+003	1.911881e+003	1.632033e+003	1.648870e+003	1.632033e+003	1.632033e+003	1.928718e+003		
5.740202e+002	1.813292e+003	1.881548e+003	1.630772e+003	1.639175e+003	1.630772e+003	1.630772e+003	1.889951e+003		
5.739202e+002	1.796376e+003	1.853772e+003	1.629621e+003	1.633380e+003	1.629621e+003	1.629621e+003	1.857531e+003		
5.738202e+002	1.754376e+003	1.828602e+003	1.628753e+003	1.630272e+003	1.628753e+003	1.628753e+003	1.830121e+003		
5.737202e+002	1.711501e+003	1.805913e+003	1.628178e+003	1.628732e+003	1.628178e+003	1.628178e+003	1.806467e+003		
5.736202e+002	1.689917e+003	1.785426e+003	1.627748e+003	1.627931e+003	1.627748e+003	1.627748e+003	1.785609e+003		
5.735202e+002	1.658709e+003	1.767083e+003	1.627533e+003	1.627588e+003	1.627533e+003	1.627533e+003	1.767137e+003		
5.734202e+002	1.635667e+003	1.750691e+003	1.627476e+003	1.627491e+003	1.627476e+003	1.627476e+003	1.750705e+003		
5.733202e+002	1.623126e+003	1.735975e+003	1.627446e+003	1.627450e+003	1.627446e+003	1.627446e+003	1.735979e+003		
5.732202e+002	1.653751e+003	1.722628e+003	1.627264e+003	1.627264e+003	1.627264e+003	1.627264e+003	1.722629e+003		
5.731202e+002	1.647042e+003	1.710724e+003	1.627126e+003	1.627126e+003	1.627126e+003	1.627126e+003	1.710724e+003		
5.730202e+002	1.633334e+003	1.700192e+003	1.627083e+003	1.627083e+003	1.627083e+003	1.627083e+003	1.700192e+003		
5.729202e+002	1.621084e+003	1.690827e+003	1.627042e+003	1.627042e+003	1.627042e+003	1.627042e+003	1.690827e+003		
5.728202e+002	1.643542e+003	1.682447e+003	1.626927e+003	1.626927e+003	1.626927e+003	1.626927e+003	1.682447e+003		
5.727202e+002	1.614376e+003	1.675053e+003	1.626841e+003	1.626841e+003	1.626841e+003	1.626841e+003	1.675053e+003		
5.726202e+002	1.616417e+003	1.668539e+003	1.626769e+003	1.626769e+003	1.626769e+003	1.626769e+003	1.668539e+003		
5.725202e+002	1.638876e+003	1.662788e+003	1.626685e+003	1.626685e+003	1.626685e+003	1.626685e+003	1.662788e+003		
5.724202e+002	1.654042e+003	1.657628e+003	1.626495e+003	1.626495e+003	1.626495e+003	1.626495e+003	1.657628e+003		
5.723202e+002	1.650251e+003	1.653115e+003	1.626330e+003	1.626330e+003	1.626330e+003	1.626330e+003	1.653115e+003		
5.722202e+002	1.658709e+003	1.649096e+003	1.626104e+003	1.626104e+003	1.626104e+003	1.626104e+003	1.649096e+003		
5.721202e+002	1.625459e+003	1.645790e+003	1.626100e+003	1.626100e+003	1.626100e+003	1.626100e+003	1.645790e+003		
5.720202e+002	1.617001e+003	1.642861e+003	1.626038e+003	1.626038e+003	1.626038e+003	1.626038e+003	1.642861e+003		
5.719202e+002	1.630417e+003	1.640348e+003	1.626007e+003	1.626007e+003	1.626007e+003	1.626007e+003	1.640348e+003		
5.718202e+002	1.635667e+003	1.638137e+003	1.625940e+003	1.625940e+003	1.625940e+003	1.625940e+003	1.638137e+003		
5.717202e+002	1.603584e+003	1.636136e+003	1.625787e+003	1.625787e+003	1.625787e+003	1.625787e+003	1.636136e+003		
5.716202e+002	1.611751e+003	1.634452e+003	1.625690e+003	1.625690e+003	1.625690e+003	1.625690e+003	1.634452e+003		
5.715202e+002	1.606792e+003	1.632962e+003	1.625561e+003	1.625561e+003	1.625561e+003	1.625561e+003	1.632962e+003		
5.714202e+002	1.624876e+003	1.631793e+003	1.625556e+003	1.625556e+003	1.625556e+003	1.625556e+003	1.631793e+003		
5.713202e+002	1.630417e+003	1.630766e+003	1.625522e+003	1.625522e+003	1.625522e+003	1.625522e+003	1.630766e+003		
5.712202e+002	1.586376e+003	1.629653e+003	1.625254e+003	1.625254e+003	1.625254e+003	1.625254e+003	1.629653e+003		
5.711202e+002	1.598917e+003	1.628755e+003	1.625073e+003	1.625073e+003	1.625073e+003	1.625073e+003	1.628755e+003		
5.710202e+002	1.614084e+003	1.628072e+003	1.624998e+003	1.624998e+003	1.624998e+003	1.624998e+003	1.628072e+003		
5.709202e+002	1.627501e+003	1.627542e+003	1.624980e+003	1.624980e+003	1.624980e+003	1.624980e+003	1.627542e+003		
5.708202e+002	1.610584e+003	1.627011e+003	1.624881e+003	1.624881e+003	1.624881e+003	1.624881e+003	1.627011e+003		
5.707202e+002	1.585501e+003	1.626377e+003	1.624611e+003	1.624611e+003	1.624611e+003	1.624611e+003	1.626377e+003		
5.706202e+002	1.607084e+003	1.625952e+003	1.624491e+003	1.624491e+003	1.624491e+003	1.624491e+003	1.625952e+003		
5.705202e+002	1.607667e+003	1.625582e+003	1.624376e+003	1.624376e+003	1.624376e+003	1.624376e+003	1.625582e+003		
5.704202e+002	1.616126e+003	1.625313e+003	1.624319e+003	1.624319e+003	1.624319e+003	1.624319e+003	1.625313e+003		
5.703202e+002	1.622251e+003	1.625121e+003	1.624305e+003	1.624305e+003	1.624305e+003	1.624305e+003	1.625121e+003		
5.702202e+002	1.595417e+003	1.624776e+003	1.624107e+003	1.624107e+003	1.624107e+003	1.624107e+003	1.624776e+003		
5.701202e+002	1.618459e+003	1.624616e+003	1.624068e+003	1.624068e+003	1.624068e+003	1.624068e+003	1.624616e+003		
5.700202e+002	1.641209e+003	1.624396e+003	1.623949e+003	1.623949e+003	1.623949e+003	1.623949e+003	1.624396e+003		
5.699202e+002	1.619334e+003	1.624281e+003	1.623917e+003	1.623917e+003	1.623917e+003	1.623917e+003	1.624281e+003		
5.698202e+002	1.614084e+003	1.624145e+003	1.623850e+003	1.623850e+003	1.623850e+003	1.623850e+003	1.624145e+003		
5.697202e+002	1.631292e+003	1.624038e+003	1.623798e+003	1.623798e+003	1.623798e+003	1.623798e+003	1.624038e+003		
5.696202e+002	1.585501e+003	1.623729e+003	1.623535e+003	1.623535e+003	1.623535e+003	1.623535e+003	1.623729e+003		
5.695202e+002	1.583459e+003	1.623417e+003	1.623260e+003	1.623260e+003	1.623260e+003	1.623260e+003	1.623417e+003		
5.694202e+002	1.608834e+003	1.623287e+003	1.623161e+003	1.623161e+003	1.623161e+003	1.623161e+003	1.623287e+003		
5.693202e+002	1.627501e+003	1.623232e+003	1.623131e+003	1.623131e+003	1.623131e+003	1.623131e+003	1.623232e+003		
5.692202e+002	1.642376e+003	1.623078e+003	1.622997e+003	1.622997e+003	1.622997e+003	1.622997e+003	1.623078e+003		
5.691202e+002	1.591334e+003	1.622845e+003	1.622780e+003	1.622780e+003	1.622780e+003	1.622780e+003	1.622845e+003		
5.690202e+002	1.601834e+003	1.622688e+003	1.622636e+003	1.622636e+003	1.622636e+003	1.622636e+003	1.622688e+003		
5.689202e+002	1.610292e+003	1.622593e+003	1.622552e+003	1.622552e+003	1.622552e+003	1.622552e+003	1.622593e+003		
5.688202e+002	1.605626e+003	1.622468e+003	1.622436e+003	1.622436e+003	1.622436e+003	1.622436e+003	1.622468e+003		
5.687202e+002	1.618167e+003	1.622432e+003	1.622406e+003	1.622406e+003	1.622406e+003	1.622406e+003	1.622432e+003		
5.686202e+002	1.598334e+003	1.622262e+003	1.622241e+003	1.622241e+003	1.622241e+003	1.622241e+003	1.622262e+003		
5.685202e+002	1.577042e+003	1.621947e+003	1.621931e+003	1.621931e+003	1.621931e+003	1.621931e+003	1.621947e+003		
5.684202e+002	1.600084e+003	1.621794e+003	1.621781e+003	1.621781e+003	1.621781e+003	1.621781e+003	1.621794e+003		
5.683202e+002	1.611751e+003	1.621723e+003	1.621713e+003	1.621713e+003	1.621713e+003	1.621713e+003	1.621723e+003		
5.682202e+002	1.600667e+003	1.621576e+003	1.621568e+003	1.621568e+003	1.621568e+003	1.621568e+003	1.621576e+003		
5.681202e+002	1.620209e+003	1.621565e+003	1.621559e+003	1.621559e+003	1.621559e+003	1.621559e+003	1.621565e+003		
5.680202e+002	1.602709e+003	1.621434e+003	1.621430e+003	1.621430e+003	1.621430e+003	1.621430e+003	1.621434e+003		
5.679202e+002	1.593667e+003	1.621243e+003	1.621239e+003	1.621239e+003	1.621239e+003	1.621239e+003	1.621243e+003		
5.678202e+002	1.611459e+003	1.621175e+003	1.621172e+003	1.621172e+003	1.621172e+003	1.621172e+003	1.621175e+003		
5.677202e+002	1.567417e+003	1.620806e+003	1.620803e+003	1.620803e+003	1.620803e+003	1.620803e+003	1.620806e+003		
5.676202e+002	1.572667e+003	1.620475e+003	1.620473e+003	1.620473e+003	1.620473e+003	1.620473e+003	1.620475e+003		
5.675202e+002	1.578209e+003	1.620185e+003	1.620183e+003	1.620183e+003	1.620183e+003	1.620183e+003	1.620185e+003		
5.674202e+002	1.575292e+003	1.619876e+003	1.619875e+003	1.619875e+003	1.619875e+003	1.619875e+003	1.619876e+003		
5.673202e+002	1.574709e+003	1.619566e+003	1.619566e+003	1.619566e+003	1.619566e+003	1.619566e+003	1.619566e+003		
5.672202e+002	1.604167e+003	1.619461e+003	1.619460e+003	1.619460e+003	1.619460e+003	1.619460e+003	1.619461e+003		
5.671202e+002	1.620792e+003	1.619451e+003	1.619451e+003	1.619451e+003	1.619451e+003	1.619451e+003	1.619451e+003		
5.670202e+002	1.619042e+003	1.619448e+003	1.619448e+003	1.619448e+003	1.619448e+003	1.619448e+003	1.619448e+003		
5.669202e+002	1.599792e+003	1.619313e+003	1.619313e+003	1.619313e+003	1.619313e+003	1.619313e+003	1.619313e+003		
5.668202e+002	1.624001e+003	1.619281e+003	1.619280e+003	1.619280e+003	1.619280e+003	1.619280e+003	1.619281e+003		
5.667202e+002	1.617292e+003	1.619267e+003	1.619267e+003	1.619267e+003	1.619267e+003	1.619267e+003	1.619267e+003		
5.666202e+002	1.579084e+003	1.618991e+003	1.618991e+003	1.618991e+003	1.618991e+003	1.618991e+003	1.618991e+003		
5.665202e+002	1.617584e+003	1.618982e+003	1.618982e+003	1.618982e+003	1.618982e+003	1.618982e+003	1.618982e+003		
5.664202e+002	1.626334e+003	1.618930e+003	1.618930e+003	1.618930e+003	1.618930e+003	1.618930e+003	1.618930e+003		
5.663202e+002	1.598042e+003	1.618787e+003	1.618787e+003	1.618787e+003	1.618787e+003	1.618787e+003	1.618787e+003		
5.662202e+002	1.565084e+003	1.618419e+003	1.618419e+003	1.618419e+003	1.618419e+003	1.618419e+003	1.618419e+003		
5.661202e+002	1.613501e+003	1.618385e+003	1.618385e+003	1.618385e+003	1.618385e+003	1.618385e+003	1.618385e+003		
5.660202e+002	1.610584e+003	1.618332e+003	1.618331e+003	1.618331e+003	1.618331e+003	1.618331e+003	1.618332e+003		
5.659202e+002	1.596584e+003	1.618182e+003	1.618182e+003	1.618182e+003	1.618182e+003	1.618182e+003	1.618182e+003		
5.658202e+002	1.581709e+003	1.617932e+003	1.617932e+003	1.617932e+003	1.617932e+003	1.617932e+003	1.617932e+003		
5.657202e+002	1.605917e+003	1.617850e+003	1.617850e+003	1.617850e+003	1.617850e+003	1.617850e+003	1.617850e+003		
5.656202e+002	1.618167e+003	1.617848e+003	1.617848e+003	1.617848e+003	1.617848e+003	1.617848e+003	1.617848e+003		
5.655202e+002	1.633042e+003	1.617742e+003	1.617742e+003	1.617742e+003	1.617742e+003	1.617742e+003	1.617742e+003		
5.654202e+002	1.577917e+003	1.617469e+003	1.617469e+003	1.617469e+003	1.617469e+003	1.617469e+003	1.617469e+003		
5.653202e+002	1.582876e+003	1.617231e+003	1.617231e+003	1.617231e+003	1.617231e+003	1.617231e+003	1.617231e+003		
5.652202e+002	1.599209e+003	1.617108e+003	1.617108e+003	1.617108e+003	1.617108e+003	1.617108e+003	1.617108e+003		
5.651202e+002	1.612042e+003	1.617073e+003	1.617073e+003	1.617073e+003	1.617073e+003	1.617073e+003	1.617073e+003		
5.650202e+002	1.617292e+003	1.617071e+003	1.617071e+003	1.617071e+003	1.617071e+003	1.617071e+003	1.617071e+003		
5.649202e+002	1.645584e+003	1.616873e+003	1.616873e+003	1.616873e+003	1.616873e+003	1.616873e+003	1.616873e+003		
5.648202e+002	1.618751e+003	1.616860e+003	1.616860e+003	1.616860e+003	1.616860e+003	1.616860e+003	1.616860e+003		
5.647202e+002	1.601251e+003	1.616753e+003	1.616753e+003	1.616753e+003	1.616753e+003	1.616753e+003	1.616753e+003		
5.646202e+002	1.606792e+003	1.616685e+003	1.616685e+003	1.616685e+003	1.616685e+003	1.616685e+003	1.616685e+003		
5.645202e+002	1.633042e+003	1.616571e+003	1.616571e+003	1.616571e+003	1.616571e+003	1.616571e+003	1.616571e+003		
5.644202e+002	1.624292e+003	1.616517e+003	1.616517e+003	1.616517e+003	1.616517e+003	1.616517e+003	1.616517e+003		
5.643202e+002	1.616126e+003	1.616515e+003	1.616515e+003	1.616515e+003	1.616515e+003	1.616515e+003	1.616515e+003		
5.642202e+002	1.609126e+003	1.609126e+003	1.609126e+003	1.609126e+003	1.609126e+003	1.609126e+003	1.609126e+003		
5.641202e+002	1.592209e+003	1.592209e+003	1.592209e+003	1.592209e+003	1.592209e+003	1.592209e+003	1.592209e+003		
5.640202e+002	1.597751e+003	1.597751e+003	1.597751e+003	1.597751e+003	1.597751e+003	1.597751e+003	1.597751e+003		
5.639202e+002	1.617876e+003	1.617876e+003	1.617876e+003	1.617876e+003	1.617876e+003	1.617876e+003	1.617876e+003		
5.638202e+002	1.586959e+003	1.586959e+003	1.586959e+003	1.586959e+003	1.586959e+003	1.586959e+003	1.586959e+003		
5.637202e+002	1.598334e+003	1.598334e+003	1.598334e+003	1.598334e+003	1.598334e+003	1.598334e+003	1.598334e+003		
5.636202e+002	1.621376e+003	1.621376e+003	1.621376e+003	1.621376e+003	1.621376e+003	1.621376e+003	1.621376e+003		
5.635202e+002	1.603876e+003	1.603876e+003	1.603876e+003	1.603876e+003	1.603876e+003	1.603876e+003	1.603876e+003		
5.634202e+002	1.612334e+003	1.612334e+003	1.612334e+003	1.612334e+003	1.612334e+003	1.612334e+003	1.612334e+003		
5.633202e+002	1.634209e+003	1.634209e+003	1.634209e+003	1.634209e+003	1.634209e+003	1.634209e+003	1.634209e+003		
5.632202e+002	1.588709e+003	1.588709e+003	1.588709e+003	1.588709e+003	1.588709e+003	1.588709e+003	1.588709e+003		
5.631202e+002	1.648501e+003	1.648501e+003	1.648501e+003	1.648501e+003	1.648501e+003	1.648501e+003	1.648501e+003		
5.630202e+002	1.642084e+003	1.642084e+003	1.642084e+003	1.642084e+003	1.642084e+003	1.642084e+003	1.642084e+003		
5.629202e+002	1.609126e+003	1.609126e+003	1.609126e+003	1.609126e+003	1.609126e+003	1.609126e+003	1.609126e+003		
5.628202e+002	1.643251e+003	1.643251e+003	1.643251e+003	1.643251e+003	1.643251e+003	1.643251e+003	1.643251e+003		
5.627202e+002	1.671251e+003	1.671251e+003	1.671251e+003	1.671251e+003	1.671251e+003	1.671251e+003	1.671251e+003		
5.626202e+002	1.595417e+003	1.595417e+003	1.595417e+003	1.595417e+003	1.595417e+003	1.595417e+003	1.595417e+003		
5.625202e+002	1.589292e+003	1.589292e+003	1.589292e+003	1.589292e+003	1.589292e+003	1.589292e+003	1.589292e+003		