     9.97000     204.10667     200.33674       3.76993
    10.07000     203.54604     200.36802       3.17802
    10.17000     202.72868     200.39855       2.33013
    10.27000     202.62463     200.42941       2.19522
    10.37000     202.60753     200.45945       2.14808
    10.47000     201.90724     200.48571       1.42153
    10.57000     201.90381     200.51081       1.39300
    10.67000     202.51717     200.53475       1.98242
    10.77000     202.98061     200.55757       2.42304
    10.87000     201.57112     200.57927       0.99185
    10.97000     202.65475     200.59992       2.05483
    11.07000     201.86685     200.61998       1.24687
    11.17000     201.72926     200.63865       1.09061
    11.27000     200.25954     200.65609      -0.39655
    11.37000     201.01048     200.67251       0.33797
    11.47000     201.49925     200.68793       0.81132
    11.57000     201.85248     200.70238       1.15010
    11.67000     202.94363     200.71587       2.22776
    11.77000     201.58961     200.72842       0.86119
    11.87000     200.26501     200.74006      -0.47505
    11.97000     200.71271     200.75080      -0.03809
    12.07000     201.59166     200.76070       0.83096
    12.17000     200.19862     200.77012      -0.57150
    12.27000     201.67586     200.78003       0.89583
    12.37000     200.42795     200.78945      -0.36150
    12.47000     200.84209     200.79605       0.04604
    12.57000     199.34979     200.80187      -1.45208
    12.67000     199.66194     200.80696      -1.14502
    12.77000     200.80170     200.81132      -0.00962
    12.87000     200.52242     200.81498      -0.29256
    12.97000     198.54134     200.81798      -2.27664
    13.07000     200.19931     200.82042      -0.62111
    13.17000     199.95561     200.82270      -0.86709
    13.27000     198.92947     200.82394      -1.89447
    13.37000     198.19223     200.82448      -2.63225
    13.47000     196.50414     200.82447      -4.32033
    13.57000     199.06708     200.82395      -1.75687
    13.67000     198.27095     200.82293      -2.55198
    13.77000     198.80147     200.82146      -2.01999
    13.87000     198.37500     200.81955      -2.44455
    13.97000     199.05544     200.81726      -1.76182
    14.07000     198.83980     200.81460      -1.97480
    14.17000     199.44905     200.81161      -1.36256
    14.27000     199.93164     200.80835      -0.87671
    14.37000     199.12457     200.80488      -1.68031
    14.47000     200.40331     200.80115      -0.39784
    14.57000     199.47574     200.79725      -1.32151
    14.67000     198.97192     200.79324      -1.82132
    14.77000     200.13907     200.78916      -0.65009
    14.87000     199.42097     200.78508      -1.36411
    14.97000     200.26570     200.78101      -0.51531
    15.07000     199.91454     200.77715      -0.86261
    15.17000     200.49434     200.77363      -0.27929
    15.27000     199.96724     200.77005      -0.80281
    15.37000     200.07608     200.76677      -0.69069
    15.47000     200.35675     200.76386      -0.40711
    15.57000     199.49902     200.76142      -1.26240
    15.67000     200.32594     200.75955      -0.43361
    15.77000     200.78459     200.75833       0.02626
    15.87000     199.87277     200.75788      -0.88511
    15.97000     200.44437     200.75834      -0.31397
    16.07000     201.62041     200.75984       0.86057
    16.17000     200.74146     200.76250      -0.02104
    16.27000     200.77022     200.76650       0.00372
    16.37000     200.41014     200.77203      -0.36189
    16.47000     201.18846     200.77929       0.40917
    16.57000     200.88454     200.78851       0.09603
    16.67000     201.30005     200.79994       0.50011
    16.77000     201.12001     200.81388       0.30613
    16.87000     200.40331     200.83066      -0.42735
    16.97000     200.13016     200.85076      -0.72060
    17.07000     201.39314     200.87578       0.51736
    17.17000     200.80444     200.90351      -0.09907
    17.27000     200.68738     200.93593      -0.24855
    17.37000     200.39783     200.97367      -0.57584
    17.47000     201.07141     201.01749       0.05392
    17.57000     201.27335     201.06828       0.20507
    17.67000     201.90929     201.12706       0.78223
    17.77000     202.09891     201.19508       0.90383
    17.87000     201.61426     201.27381       0.34045
    17.97000     202.98265     201.36491       1.61774
    18.07000     203.26468     201.47053       1.79415
    18.17000     203.12093     201.59323       1.52770
    18.27000     203.19691     201.73657       1.46034
    18.37000     202.65340     201.90572       0.74768
    18.47000     202.93884     202.10157       0.83727
    18.57000     202.30838     202.33236      -0.02398
    18.67000     203.09972     202.60586       0.49386
    18.77000     202.86217     202.93207      -0.06990
    18.87000     203.08601     203.32413      -0.23812
    18.97000     204.16896     203.79964       0.36932
    19.07000     203.84792     204.38277      -0.53485
    19.17000     204.31752     205.10752      -0.79000
    19.27000     204.34627     206.02294      -1.67667
    19.37000     204.03548     207.20073      -3.16525
    19.47000     206.25545     208.74578      -2.49033
    19.57000     207.64302     210.80849      -3.16547
    19.67000     209.08057     213.59403      -4.51346
    19.77000     212.08640     217.35505      -5.26865
    19.87000     215.46735     222.35001      -6.88266
    19.97000     221.47009     228.77291      -7.30282
    20.07000     230.65598     236.68059      -6.02461
    20.17000     244.07164     245.88983      -1.81819
    20.27000     259.08847     255.76600       3.32247
    20.37000     271.36368     264.86136       6.50232
    20.47000     276.96872     270.59656       6.37216
    20.57000     270.97076     269.95264       1.01812
    20.67000     257.32645     262.18486      -4.85841
    20.77000     240.83923     250.44671      -9.60748
    20.87000     228.15056     238.76990     -10.61934
    20.97000     219.73410     229.19575      -9.46165
    21.07000     214.73352     222.03706      -7.30354
    21.17000     210.81656     216.90998      -6.09342
    21.27000     210.58929     213.29421      -2.70492
    21.37000     208.28102     210.73597      -2.45495
    21.47000     207.14879     208.89944      -1.75065
    21.57000     207.13919     207.55862      -0.41943
    21.67000     206.41974     206.56954      -0.14980
    21.77000     206.27394     205.84238       0.43156
    21.87000     206.16989     205.32115       0.84874
    21.97000     205.43263     204.97121       0.46142
    22.07000     205.71672     204.77246       0.94426
    22.17000     206.15894     204.71605       1.44289
    22.27000     206.08980     204.80314       1.28666
    22.37000     206.96669     205.04533       1.92136
    22.47000     208.43983     205.46687       2.97296
    22.57000     209.03674     206.10956       2.92718
    22.67000     210.29356     207.04420       3.24936
    22.77000     211.66403     208.40072       3.26331
    22.87000     212.82501     210.44450       2.38051
    22.97000     216.88982     213.73221       3.15761
    23.07000     220.80336     219.33190       1.47146
    23.17000     230.53413     228.98468       1.54945
    23.27000     243.81631     245.01377      -1.19746
    23.37000     268.24557     270.08484      -1.83927
    23.47000     309.14771     307.12252       2.02519
    23.57000     367.04700     357.58959       9.45741
    23.67000     429.45538     415.59164      13.86374
    23.77000     467.52759     460.44989       7.07770
    23.87000     458.85718     459.75270      -0.89552
    23.97000     406.48624     404.65267       1.83357
    24.07000     336.52805     331.97811       4.54994
    24.17000     280.80215     274.85651       5.94564
    24.27000     245.71729     241.05972       4.65757
    24.37000     227.89453     224.18942       3.70511
    24.47000     217.83038     215.98280       1.84758
    24.57000     214.18040     211.45017       2.73023
    24.67000     209.96567     208.50957       1.45610
    24.77000     208.58769     206.40847       2.17922
    24.87000     207.91684     204.83478       3.08206
    24.97000     205.81667     203.62110       2.19557
    25.07000     205.10201     202.66307       2.43894
    25.17000     203.83080     201.89161       1.93919
    25.27000     201.46982     201.25944       0.21038
    25.37000     202.57878     200.73335       1.84543
    25.47000     200.57375     200.28948       0.28427
    25.57000     201.46159     199.91034       1.55125
    25.67000     200.47517     199.58287       0.89230
    25.77000     201.49377     199.29717       2.19660
    25.87000     201.44449     199.04562       2.39887
    25.97000     200.13564     198.82229       1.31335
    26.07000     200.11374     198.62248       1.49126
    26.17000     200.46559     198.44246       2.02313
    26.27000     197.50494     198.27922      -0.77428
    26.37000     198.81105     198.13032       0.68073
    26.47000     199.07050     197.99375       1.07675
    26.57000     198.35515     197.86786       0.48729
    26.67000     197.83694     197.75129       0.08565
    26.77000     199.61470     197.64287       1.97183
    26.87000     198.83911     197.54164       1.29747
    26.97000     199.74477     197.44678       2.29799
    27.07000     199.60033     197.35760       2.24273
    27.17000     198.00465     197.27350       0.73115
    27.27000     197.54123     197.19397       0.34726
    27.37000     197.50700     197.11857       0.38843
    27.47000     198.09708     197.04694       1.05014
    27.57000     197.89377     196.97873       0.91504
    27.67000     198.32503     196.91366       1.41137
    27.77000     198.57214     196.85150       1.72064
    27.87000     198.16280     196.79203       1.37077
    27.97000     198.26547     196.73507       1.53040
    28.07000     197.60626     196.68045       0.92581
    28.17000     197.21265     196.62805       0.58460
    28.27000     199.00819     196.57775       2.43044
    28.37000     198.36610     196.52945       1.83665
    28.47000     199.02325     196.48309       2.54016
    28.57000     197.29753     196.43860       0.85893
    28.67000     196.95595     196.39594       0.56001
    28.77000     197.64664     196.35508       1.29156
    28.87000     195.92160     196.31603      -0.39443
    28.97000     197.20923     196.27879       0.93044
    29.07000     198.20523     196.24340       1.96183
    29.17000     197.88760     196.20991       1.67769
    29.27000     197.14282     196.17842       0.96440
    29.37000     197.03671     196.14904       0.88767
    29.47000     197.76781     196.12192       1.64589
    29.57000     197.00044     196.09729       0.90315
    29.67000     197.24550     196.07540       1.17010
    29.77000     197.11681     196.05659       1.06022
    29.87000     197.62953     196.04133       1.58820
    29.97000     196.63968     196.03018       0.60950
    30.07000     197.28041     196.02391       1.25650
    30.17000     197.71921     196.02351       1.69570
    30.27000     197.51659     196.03033       1.48626
    30.37000     197.84721     196.04618       1.80103
    30.47000     198.43181     196.07357       2.35824
    30.57000     197.84380     196.11620       1.72760
    30.67000     198.26820     196.17990       2.08830
    30.77000     197.87392     196.27554       1.59838
    30.87000     197.88350     196.42615       1.45735
    30.97000     199.06981     196.68335       2.38646
    31.07000     198.94385     197.15765       1.78620
    31.17000     199.29160     198.05966       1.23194
    31.27000     200.00146     199.72512       0.27634
    31.37000     201.82440     202.55377      -0.72937
    31.47000     205.40868     206.77262      -1.36394
    31.57000     208.60617     212.04500      -3.43883
    31.67000     212.75587     217.16273      -4.40686
    31.77000     214.24612     220.15362      -5.90750
    31.87000     212.39648     219.24574      -6.84926
    31.97000     209.68295     214.68825      -5.00530
    32.07000     206.70110     208.79139      -2.09029
    32.17000     202.76976     203.64358      -0.87382
    32.27000     201.25487     200.08176       1.17311
    32.37000     198.68442     198.00226       0.68216
    32.47000     197.84721     196.91641       0.93080
    32.57000     195.83603     196.36158      -0.52555
    32.67000     196.60956     196.05152       0.55804
    32.77000     193.16151     195.85032      -2.68881
    32.87000     196.88200     195.70302       1.17898
    32.97000     193.81047     195.58777      -1.77730
    33.07000     194.64835     195.49446      -0.84611
    33.17000     196.56712     195.41726       1.14986
    33.27000     192.53105     195.35230      -2.82125
    33.37000     195.03511     195.29687      -0.26176
    33.47000     192.13266     195.24900      -3.11634
    33.57000     196.67596     195.20724       1.46872
    33.67000     191.10927     195.17050      -4.06123
    33.77000     195.75252     195.13794       0.61458
    33.87000     194.46352     195.10894      -0.64542
    33.97000     194.90848     195.08300      -0.17452
    34.07000     194.28075     195.05972      -0.77897
    34.17000     193.81526     195.03881      -1.22355
    34.27000     193.18480     195.02001      -1.83521
    34.37000     195.36575     195.00313       0.36262
    34.47000     193.09648     194.98801      -1.89153
    34.57000     193.89809     194.97454      -1.07645
    34.67000     194.50665     194.96260      -0.45595
    34.77000     193.58936     194.95213      -1.36277
    34.87000     195.95924     194.94306       1.01618
    34.97000     194.49774     194.93534      -0.43760
    35.07000     195.27539     194.92894       0.34645
    35.17000     192.86101     194.92384      -2.06283
    35.27000     195.15901     194.92001       0.23900
    35.37000     193.86592     194.91746      -1.05154
    35.47000     195.07892     194.91619       0.16273
    35.57000     195.56496     194.91621       0.64875
    35.67000     197.73975     194.91752       2.82223
    35.77000     192.69740     194.92016      -2.22276
    35.87000     196.58698     194.92415       1.66283
    35.97000     194.43752     194.92953      -0.49201
    36.07000     194.38959     194.93634      -0.54675
    36.17000     194.32935     194.94463      -0.61528
    36.27000     194.94818     194.95445      -0.00627
    36.37000     194.19655     194.96587      -0.76932
    36.47000     194.81401     194.97896      -0.16495
    36.57000     195.49376     194.99380       0.49996
    36.67000     194.78593     195.01049      -0.22456
    36.77000     194.78183     195.02912      -0.24729
    36.87000     194.30060     195.04981      -0.74921
    36.97000     195.07208     195.07268      -0.00060
    37.07000     195.24731     195.09789       0.14942
    37.17000     195.35959     195.12560       0.23399
    37.27000     195.33289     195.15598       0.17691
    37.37000     196.70540     195.18925       1.51615
    37.47000     196.24060     195.22565       1.01495
    37.57000     197.04698     195.26543       1.78155
    37.67000     194.84344     195.30891      -0.46547
    37.77000     195.89079     195.35644       0.53435
    37.87000     196.10164     195.40843       0.69321
    37.97000     195.31783     195.46535      -0.14752
    38.07000     195.68542     195.52776       0.15766
    38.17000     195.41161     195.59632      -0.18471
    38.27000     195.50540     195.67181      -0.16641
    38.37000     194.84207     195.75515      -0.91308
    38.47000     196.04002     195.84750       0.19252
    38.57000     195.85999     195.95024      -0.09025
    38.67000     196.86284     196.06510       0.79774
    38.77000     195.98526     196.19427      -0.20901
    38.87000     197.16747     196.34063       0.82684
    38.97000     197.81778     196.50819       1.30959
    39.07000     195.22746     196.70326      -1.47580
    39.17000     196.76085     196.93731      -0.17646
    39.27000     198.83911     197.23388       1.60523
    39.37000     200.22943     197.64239       2.58704
    39.47000     200.41768     198.26071       2.15697
    39.57000     202.84779     199.26082       3.58697
    39.67000     203.22841     200.89666       2.33175
    39.77000     205.74957     203.45836       2.29121
    39.87000     209.73978     207.14195       2.59783
    39.97000     213.51776     211.84613       1.67163
    40.07000     218.13705     216.97780       1.15925
    40.17000     223.38818     221.40971       1.97847
    40.27000     224.91882     223.76643       1.15239
    40.37000     224.92978     223.19039       1.73939
    40.47000     224.17679     220.14102       4.03577
    40.57000     218.90854     216.06820       2.84034
    40.67000     212.93248     212.36158       0.57090
    40.77000     210.76590     209.85312       0.91278
    40.87000     208.10167     208.84338      -0.74171
    40.97000     208.42271     209.29903      -0.87632
    41.07000     208.93748     211.08529      -2.14781
    41.17000     209.83287     214.15627      -4.32340
    41.27000     215.33659     218.67542      -3.33883
    41.37000     218.34242     225.07510      -6.73268
    41.47000     228.16356     234.03776      -5.87420
    41.57000     240.61880     246.32181      -5.70301
    41.67000     258.10547     262.35106      -4.24559
    41.77000     278.98059     281.61770      -2.63711
    41.87000     302.34128     302.13942       0.20186
    41.97000     318.21857     320.27981      -2.06124
    42.07000     326.49673     331.21913      -4.72240
    42.17000     319.85257     330.62491     -10.77234
    42.27000     304.58728     317.68093     -13.09365
    42.37000     281.07870     296.43265     -15.35395
    42.47000     256.26608     272.85407     -16.58799
    42.57000     237.35559     251.54996     -14.19437
    42.67000     222.59753     234.84513     -12.24760
    42.77000     214.50899     223.15176      -8.64277
    42.87000     209.85272     215.70212      -5.84940
    42.97000     207.13988     211.30018      -4.16030
    43.07000     206.26846     208.84688      -2.57842
    43.17000     205.20741     207.55620      -2.34879
    43.27000     203.95197     206.94594      -2.99397
    43.37000     204.42499     206.73650      -2.31151
    43.47000     203.12093     206.74975      -3.62882
    43.57000     204.25795     206.84558      -2.58763
    43.67000     204.76520     206.90565      -2.14045
    43.77000     205.49835     206.85921      -1.36086
    43.87000     206.60388     206.71434      -0.11046
    43.97000     206.99408     206.54350       0.45058
    44.07000     206.36703     206.43374      -0.06671
    44.17000     206.39374     206.45300      -0.05926
    44.27000     207.12346     206.64488       0.47858
    44.37000     207.59373     207.03522       0.55851
    44.47000     209.19077     207.64019       1.55058
    44.57000     209.84930     208.47395       1.37535
    44.67000     209.58096     209.55498       0.02598
    44.77000     210.60229     210.91065      -0.30836
    44.87000     211.51616     212.57945      -1.06329
    44.97000     213.17276     214.61102      -1.43826
    45.07000     216.56535     217.06423      -0.49888
    45.17000     218.95099     220.00398      -1.05299
    45.27000     223.60861     223.49601       0.11260
    45.37000     228.58592     227.60002       0.98590
    45.47000     233.90961     232.36001       1.54960
    45.57000     240.89810     237.78950       3.10860
    45.67000     248.66081     243.86501       4.79580
    45.77000     257.19571     250.48469       6.71102
    45.87000     264.61682     257.43565       7.18117
    45.97000     269.66190     264.37163       5.29027
    46.07000     274.32227     270.79847       3.52380
    46.17000     275.26352     276.12240      -0.85888
    46.27000     276.28622     279.78940      -3.50318
    46.37000     276.70175     281.50226      -4.80051
    46.47000     277.29456     281.42794      -4.13338
    46.57000     277.68063     280.28072      -2.60009
    46.67000     279.47141     279.23513       0.23628
    46.77000     283.56018     279.71149       3.84869
    46.87000     290.82181     283.08462       7.73719
    46.97000     299.06918     290.32431       8.74487
    47.07000     310.67560     301.58459       9.09101
    47.17000     322.82828     315.82268       7.00560
    47.27000     335.81339     330.58836       5.22503
    47.37000     343.28516     342.23879       1.04637
    47.47000     346.97620     347.07239      -0.09619
    47.57000     347.56699     343.47171       4.09528
    47.67000     339.48322     333.21616       6.26706
    47.77000     327.49139     320.09601       7.39538
    47.87000     315.29147     307.61582       7.67565
    47.97000     303.62619     297.92151       5.70468
    48.07000     294.01657     291.71997       2.29660
    48.17000     286.82339     288.57988      -1.75649
    48.27000     283.70804     287.40949      -3.70145
    48.37000     281.47028     286.98232      -5.51204
    48.47000     281.66537     286.35744      -4.69207
    48.57000     282.17740     285.06973      -2.89233
    48.67000     282.04938     283.05563      -1.00625
    48.77000     286.11557     280.41321       5.70236
    48.87000     286.25385     277.18422       9.06963
    48.97000     283.27267     273.27810       9.99457
    49.07000     280.25247     268.48186      11.77061
    49.17000     271.92227     262.52401       9.39826
    49.27000     263.71735     255.32147       8.39588
    49.37000     252.94469     247.25678       5.68791
    49.47000     243.05852     239.06416       3.99436
    49.57000     233.09500     231.44828       1.64672
    49.67000     225.01877     224.86186       0.15691
    49.77000     220.11128     219.48488       0.62640
    49.87000     215.05115     215.28290      -0.23175
    49.97000     212.30476     212.08909       0.21567
    50.07000     209.70555     209.68656       0.01899
    50.17000     208.58769     207.87075       0.71694
    50.27000     205.66058     206.48218      -0.82160
    50.37000     205.66879     205.41302       0.25577
    50.47000     204.91922     204.59805       0.32117
    50.57000     203.75893     203.99992      -0.24099
    50.67000     203.55562     203.59445      -0.03883
    50.77000     202.83821     203.35839      -0.52018
    50.87000     201.64095     203.25954      -1.61859
    50.97000     201.09399     203.24891      -2.15492
    51.07000     201.42326     203.25538      -1.83212
    51.17000     200.37933     203.18788      -2.80855
    51.27000     199.68658     202.95518      -3.26860
    51.37000     198.47084     202.50425      -4.03341
    51.47000     199.13826     201.85008      -2.71182
    51.57000     197.90335     201.06388      -3.16053
    51.67000     196.41652     200.23226      -3.81574
    51.77000     197.40500     199.42597      -2.02097
    51.87000     195.38834     198.69065      -3.30231
    51.97000     194.82838     198.04925      -3.22087
    52.07000     195.53140     197.50737      -1.97597
    52.17000     194.92969     197.05879      -2.12910
    52.27000     195.07892     196.69062      -1.61170
    52.37000     194.53951     196.38768      -1.84817
    52.47000     193.77077     196.13569      -2.36492
    52.57000     194.75514     195.92311      -1.16797
    52.67000     194.77635     195.74190      -0.96555
    52.77000     193.55444     195.58762      -2.03318
    52.87000     193.78514     195.45926      -1.67412
    52.97000     194.16985     195.35887      -1.18902
    53.07000     194.06923     195.29093      -1.22170
    53.17000     194.53677     195.26112      -0.72435
    53.27000     194.77704     195.27428      -0.49724
    53.37000     193.52980     195.33164      -1.80184
    53.47000     193.80225     195.42707      -1.62482
    53.57000     194.36632     195.54366      -1.17734
    53.67000     194.98241     195.65175      -0.66934
    53.77000     195.04744     195.71122      -0.66378
    53.87000     194.56483     195.68245      -1.11762
    53.97000     194.36632     195.54658      -1.18026
    54.07000     194.65724     195.31880      -0.66156
    54.17000     193.82416     195.03827      -1.21411
    54.27000     193.60510     194.74716      -1.14206
    54.37000     192.46260     194.47837      -2.01577
    54.47000     193.74954     194.25295      -0.50341
    54.57000     192.62279     194.08136      -1.45857
    54.67000     192.65291     193.96599      -1.31308
    54.77000     192.48587     193.90377      -1.41790
    54.87000     192.65839     193.88812      -1.22973
    54.97000     192.96779     193.90961      -0.94182
    55.07000     192.78433     193.95557      -1.17124
    55.17000     192.54611     194.00936      -1.46325
    55.27000     194.04047     194.05022      -0.00975
    55.37000     193.75365     194.05603      -0.30238
    55.47000     192.19632     194.01098      -1.81466
    55.57000     193.54007     193.91447      -0.37440
    55.67000     194.39233     193.78133       0.61100
    55.77000     194.07059     193.63275       0.43784
    55.87000     193.52296     193.48759       0.03537
    55.97000     193.87003     193.35894       0.51109
    56.07000     194.92627     193.25382       1.67245
    56.17000     194.77362     193.17398       1.59964
    56.27000     196.21800     193.11720       3.10080
    56.37000     196.71909     193.07890       3.64019
    56.47000     196.05988     193.05347       3.00641
    56.57000     197.19690     193.03538       4.16152
    56.67000     196.87379     193.02024       3.85355
    56.77000     196.24950     193.00583       3.24367
    56.87000     196.54659     192.99257       3.55402
    56.97000     197.56929     192.98288       4.58641
    57.07000     197.85338     192.97965       4.87373
    57.17000     198.70563     192.98807       5.71756
    57.27000     198.27026     193.01184       5.25842
    57.37000     198.14568     193.05720       5.08848
    57.47000     197.31874     193.13371       4.18503
    57.57000     197.26331     193.25645       4.00686
    57.67000     197.46524     193.44858       4.01666
    57.77000     198.26273     193.74355       4.51918
    57.87000     199.08145     194.18589       4.89556
    57.97000     199.41414     194.82882       4.58532
    58.07000     199.71396     195.72744       3.98652
    58.17000     199.58733     196.92674       2.66059
    58.27000     201.20831     198.44529       2.76302
    58.37000     201.31648     200.25694       1.05954
    58.47000     203.23936     202.27338       0.96598
    58.57000     203.46594     204.33010      -0.86416
    58.67000     204.50302     206.18117      -1.67815
    58.77000     204.32436     207.52073      -3.19637
    58.87000     204.61186     208.07035      -3.45849
    58.97000     202.98402     207.69164      -4.70762
    59.07000     203.62886     206.47884      -2.84998
    59.17000     204.16075     204.70206      -0.54131
    59.27000     203.78973     202.67842       1.11131
    59.37000     203.36600     200.67932       2.68668
    59.47000     202.65065     198.90093       3.74972
    59.57000     202.22829     197.46788       4.76041
    59.67000     203.19487     196.44669       6.74818
    59.77000     202.96349     195.86076       7.10273
    59.87000     202.37752     195.70341       6.67411
    59.97000     201.59714     195.94611       5.65103
    60.07000     200.73256     196.54005       4.19251
    60.17000     200.30746     197.41204       2.89542
    60.27000     199.13963     198.45751       0.68212
    60.37000     198.64676     199.53370      -0.88694
    60.47000     198.57352     200.45936      -1.88584
    60.57000     198.53381     201.03555      -2.50174
    60.67000     197.98755     201.10422      -3.11667
    60.77000     198.21960     200.62381      -2.40421
    60.87000     198.17717     199.69178      -1.51461
    60.97000     197.34065     198.48658      -1.14593
    61.07000     198.02519     197.19015       0.83504
    61.17000     196.05713     195.94516       0.11197
    61.27000     195.92708     194.84465       1.08243
    61.37000     195.39929     193.93549       1.46380
    61.47000     194.39644     193.22693       1.16951
    61.57000     194.69284     192.70184       1.99100
    61.67000     193.28954     192.32867       0.96087
    61.77000     194.10893     192.07172       2.03721
    61.87000     192.91646     191.89827       1.01819
    61.97000     192.43454     191.78215       0.65239
    62.07000     192.73848     191.70453       1.03395
    62.17000     192.22713     191.65300       0.57413
    62.27000     191.46385     191.62000      -0.15615
    62.37000     191.74657     191.60125       0.14532
    62.47000     191.63020     191.59458       0.03562
    62.57000     191.45975     191.59910      -0.13935
    62.67000     192.05257     191.61473       0.43784
    62.77000     192.23602     191.64198       0.59404
    62.87000     192.10458     191.68188       0.42270
    62.97000     192.70561     191.73602       0.96959
    63.07000     192.23259     191.80658       0.42601
    63.17000     192.24423     191.89646       0.34777
    63.27000     192.11623     192.00938       0.10685
    63.37000     192.64264     192.14989       0.49275
    63.47000     192.64058     192.32345       0.31713
    63.57000     192.18605     192.53628      -0.35023
    63.67000     192.44344     192.79522      -0.35178
    63.77000     191.56174     193.10738      -1.54564
    63.87000     192.49203     193.47981      -0.98778
    63.97000     192.31133     193.91907      -1.60774
    64.07000     192.37498     194.43078      -2.05580
    64.17000     192.59061     195.01934      -2.42873
    64.27000     194.13083     195.68747      -1.55664
    64.37000     194.74623     196.43588      -1.68965
    64.47000     196.15572     197.26283      -1.10711
    64.57000     195.22610     198.16441      -2.93831
    64.67000     196.29330     199.13663      -2.84333
    64.77000     198.32571     200.18138      -1.85567
    64.87000     199.34021     201.31660      -1.97639
    64.97000     201.15492     202.58736      -1.43244
    65.07000     200.55595     204.07167      -3.51572
    65.17000     202.28922     205.87808      -3.58886
    65.27000     202.00375     208.13883      -6.13508
    65.37000     205.42921     211.00591      -5.57670
    65.47000     208.53430     214.65342      -6.11912
    65.57000     211.56544     219.27920      -7.71376
    65.67000     218.63951     225.09097      -6.45146
    65.77000     224.65869     232.26717      -7.60848
    65.87000     233.35376     240.89630      -7.54254
    65.97000     243.31111     250.90712      -7.59601
    66.07000     254.66631     262.00987      -7.34356
    66.17000     268.20383     273.67520      -5.47137
    66.27000     281.31213     285.16042      -3.84829
    66.37000     292.08957     295.55634      -3.46677
    66.47000     301.99081     303.82794      -1.83713
    66.57000     306.64227     308.89256      -2.25029
    66.67000     309.75079     309.81476      -0.06397
    66.77000     306.15009     306.10490       0.04519
    66.87000     298.88229     297.98554       0.89675
    66.97000     289.48285     286.42681       3.05604
    67.07000     276.24994     272.85385       3.39609
    67.17000     259.62515     258.71558       0.90957
    67.27000     247.74216     245.18724       2.55492
    67.37000     234.30322     233.06877       1.23445
    67.47000     223.72498     222.79671       0.92827
    67.57000     216.17859     214.50166       1.67693
    67.67000     209.41325     208.08512       1.32813
    67.77000     204.48659     203.30340       1.18319
    67.87000     201.10291     199.84613       1.25678
    67.97000     198.56119     197.39832       1.16287
    68.07000     197.61241     195.68039       1.93202
    68.17000     195.42873     194.46667       0.96206
    68.27000     193.54349     193.58757      -0.04408
    68.37000     192.46877     192.92205      -0.45328
    68.47000     192.21959     192.38676      -0.16717
    68.57000     191.76711     191.92643      -0.15932
    68.67000     190.98672     191.50749      -0.52077
    68.77000     191.76506     191.11339       0.65167
    68.87000     189.74702     190.73948      -0.99246
    68.97000     190.90800     190.38726       0.52074
    69.07000     190.16595     190.06013       0.10582
    69.17000     189.59984     189.76106      -0.16122
    69.27000     190.88609     189.49184       1.39425
    69.37000     189.95306     189.25286       0.70020
    69.47000     190.51303     189.04324       1.46979
    69.57000     189.74017     188.86102       0.87915
    69.67000     188.99745     188.70349       0.29396
    69.77000     188.88792     188.56752       0.32040
    69.87000     188.93242     188.44979       0.48263
    69.97000     188.86122     188.34702       0.51420
    70.07000     188.59425     188.25612       0.33813
    70.17000     188.00006     188.17437      -0.17431
    70.27000     188.87355     188.09979       0.77376
    70.37000     188.24034     188.03141       0.20893
    70.47000     188.20406     187.96922       0.23484
    70.57000     188.79825     187.91526       0.88299
    70.67000     188.15067     187.87009       0.28058
    70.77000     187.77965     187.83493      -0.05528
    70.87000     188.61890     187.81080       0.80810
    70.97000     187.15329     187.79852      -0.64523
    71.07000     186.80144     187.79868      -0.99724
    71.17000     187.39561     187.81173      -0.41612
    71.27000     187.72282     187.83795      -0.11513
    71.37000     187.20395     187.87755      -0.67360
    71.47000     187.03897     187.93064      -0.89167
    71.57000     187.19984     187.99730      -0.79746
    71.67000     187.46475     188.07756      -0.61281
    71.77000     187.77211     188.17135      -0.39924
    71.87000     188.24171     188.27854      -0.03683
    71.97000     188.43475     188.39880       0.03595
    72.07000     189.34314     188.53159       0.81155
    72.17000     189.72786     188.67606       1.05180
    72.27000     190.31108     188.83093       1.48015
    72.37000     190.26659     188.99443       1.27216
    72.47000     190.23373     189.16416       1.06957
    72.57000     191.40567     189.33700       2.06867
    72.67000     190.49797     189.50906       0.98891
    72.77000     191.09077     189.67564       1.41513
    72.87000     189.41638     189.83129      -0.41491
    72.97000     189.26236     189.96999      -0.70763
    73.07000     189.88940     190.08546      -0.19606
    73.17000     189.43144     190.17153      -0.74009
    73.27000     189.06728     190.22271      -1.15543
    73.37000     189.59711     190.23471      -0.63760
    73.47000     189.34314     190.20486      -0.86172
    73.57000     189.12956     190.13252      -1.00296
    73.67000     189.31165     190.01907      -0.70742
    73.77000     190.01741     189.86777       0.14964
    73.87000     190.56367     189.68323       0.88044
    73.97000     189.86272     189.47096       0.39176
    74.07000     190.28850     189.23594       1.05256
    74.17000     189.97908     188.98681       0.99227
    74.27000     190.25427     188.73014       1.52413
    74.37000     188.47652     188.46952       0.00700
    74.47000     189.06590     188.20931       0.85659
    74.57000     188.63533     187.95306       0.68227
    74.67000     188.98650     187.70353       1.28297
    74.77000     188.05141     187.46282       0.58859
    74.87000     188.30196     187.23241       1.06955
    74.97000     188.59904     187.01329       1.58575
