     8.97000       0.05488      -0.90326       0.95814
     9.07000       0.13264      -0.90651       1.03915
     9.17000      -1.25010      -0.90977      -0.34033
     9.27000      -0.27083      -0.91303       0.64220
     9.37000      -0.09616      -0.91629       0.82013
     9.47000      -0.24155      -0.91956       0.67801
     9.57000      -0.63878      -0.92284       0.28406
     9.67000      -0.96342      -0.92612      -0.03730
     9.77000      -0.37482      -0.92940       0.55458
     9.87000      -1.00363      -0.93269      -0.07094
     9.97000      -0.58282      -0.93598       0.35316
    10.07000      -0.73180      -0.93928       0.20748
    10.17000      -1.10513      -0.94258      -0.16255
    10.27000      -0.87449      -0.94588       0.07139
    10.37000      -0.99629      -0.94918      -0.04711
    10.47000      -0.76475      -0.95249       0.18774
    10.57000      -0.21457      -0.95580       0.74123
    10.67000      -0.51383      -0.95911       0.44528
    10.77000      -0.90541      -0.96243       0.05702
    10.87000      -0.70578      -0.96574       0.25996
    10.97000      -1.96322      -0.96906      -0.99416
    11.07000      -1.74534      -0.97238      -0.77296
    11.17000       0.30077      -0.97570       1.27647
    11.27000      -0.90924      -0.97901       0.06977
    11.37000      -0.64810      -0.98233       0.33423
    11.47000      -1.14508      -0.98565      -0.15943
    11.57000      -0.40549      -0.98897       0.58348
    11.67000      -0.78564      -0.99228       0.20664
    11.77000       0.00451      -0.99560       1.00011
    11.87000      -0.44461      -0.99891       0.55430
    11.97000      -0.53852      -1.00222       0.46370
    12.07000      -0.85155      -1.00553       0.15398
    12.17000      -1.01393      -1.00883      -0.00510
    12.27000      -1.70148      -1.01213      -0.68935
    12.37000      -0.48026      -1.01542       0.53516
    12.47000      -0.75959      -1.01871       0.25912
    12.57000       0.03403      -1.02200       1.05603
    12.67000      -0.91521      -1.02528       0.11007
    12.77000      -1.04767      -1.02855      -0.01912
    12.87000      -0.77796      -1.03181       0.25385
    12.97000       0.19787      -1.03507       1.23294
    13.07000      -1.22060      -1.03831      -0.18229
    13.17000      -1.31767      -1.04155      -0.27612
    13.27000      -1.15033      -1.04477      -0.10556
    13.37000      -0.77577      -1.04799       0.27222
    13.47000      -0.55620      -1.05119       0.49499
    13.57000      -0.49278      -1.05438       0.56160
    13.67000      -0.61978      -1.05755       0.43777
    13.77000      -1.66899      -1.06071      -0.60828
    13.87000      -1.20421      -1.06385      -0.14036
    13.97000      -1.10044      -1.06697      -0.03347
    14.07000      -0.90328      -1.07007       0.16679
    14.17000      -0.55382      -1.07315       0.51933
    14.27000      -1.82541      -1.07621      -0.74920
    14.37000      -1.27905      -1.07924      -0.19981
    14.47000      -1.66204      -1.08225      -0.57979
    14.57000      -0.94386      -1.08522       0.14136
    14.67000      -1.03265      -1.08817       0.05552
    14.77000       0.25069      -1.09108       1.34177
    14.87000      -0.29582      -1.09395       0.79813
    14.97000      -1.46626      -1.09679      -0.36947
    15.07000      -0.19541      -1.09958       0.90417
    15.17000      -0.48917      -1.10233       0.61316
    15.27000      -0.62105      -1.10502       0.48397
    15.37000      -0.66624      -1.10766       0.44142
    15.47000      -0.56850      -1.11024       0.54174
    15.57000      -0.85629      -1.11276       0.25647
    15.67000      -0.81483      -1.11520       0.30037
    15.77000      -2.08165      -1.11757      -0.96408
    15.87000      -1.18693      -1.11984      -0.06709
    15.97000      -0.99074      -1.12203       0.13129
    16.07000      -1.60155      -1.12410      -0.47745
    16.17000      -1.28579      -1.12606      -0.15973
    16.27000      -1.91809      -1.12790      -0.79019
    16.37000      -0.97295      -1.12958       0.15663
    16.47000      -1.01289      -1.13110       0.11821
    16.57000      -0.94506      -1.13244       0.18738
    16.67000      -1.74584      -1.13358      -0.61226
    16.77000      -1.16069      -1.13448      -0.02621
    16.87000      -1.52176      -1.13512      -0.38664
    16.97000      -0.69159      -1.13545       0.44386
    17.07000      -2.59370      -1.13544      -1.45826
    17.17000      -1.48904      -1.13501      -0.35403
    17.27000      -1.52117      -1.13412      -0.38705
    17.37000      -1.03043      -1.13268       0.10225
    17.47000      -0.90884      -1.13059       0.22175
    17.57000      -1.55901      -1.12772      -0.43129
    17.67000      -1.27797      -1.12392      -0.15405
    17.77000      -0.17769      -1.11899       0.94130
    17.87000      -0.05573      -1.11268       1.05695
    17.97000      -1.23935      -1.10466      -0.13469
    18.07000      -1.37219      -1.09449      -0.27770
    18.17000      -1.05327      -1.08158       0.02831
    18.27000      -1.82450      -1.06511      -0.75939
    18.37000      -1.81954      -1.04392      -0.77562
    18.47000      -1.40083      -1.01633      -0.38450
    18.57000      -0.20308      -0.97970       0.77662
    18.67000      -0.96979      -0.92963      -0.04016
    18.77000      -0.19506      -0.85831       0.66325
    18.87000      -1.12852      -0.75219      -0.37633
    18.97000      -1.21786      -0.59012      -0.62774
    19.07000      -1.43537      -0.34604      -1.08933
    19.17000      -1.98572       0.00261      -1.98833
    19.27000      -0.51721       0.47554      -0.99275
    19.37000       0.60174       1.10161      -0.49987
    19.47000       0.94105       1.91663      -0.97558
    19.57000       2.49393       2.91628      -0.42235
    19.67000       4.50322       3.93947       0.56375
    19.77000       4.33314       4.50920      -0.17606
    19.87000       4.65905       3.98535       0.67370
    19.97000       2.93730       2.57582       0.36148
    20.07000       1.08235       1.21471      -0.13236
    20.17000       1.74005       0.29614       1.44391
    20.27000       1.31665      -0.24062       1.55727
    20.37000       0.10251      -0.54584       0.64835
    20.47000       0.07794      -0.73022       0.80816
    20.57000      -1.11953      -0.85209      -0.26744
    20.67000      -1.45072      -0.93842      -0.51230
    20.77000      -0.66072      -1.00233       0.34161
    20.87000       0.09167      -1.05113       1.14280
    20.97000      -0.73885      -1.08934       0.35049
    21.07000      -0.47638      -1.11989       0.64351
    21.17000      -0.37372      -1.14478       0.77106
    21.27000      -1.82093      -1.16539      -0.65554
    21.37000      -1.38356      -1.18272      -0.20084
    21.47000      -1.33594      -1.19746      -0.13848
    21.57000      -1.99832      -1.21015      -0.78817
    21.67000      -1.36168      -1.22119      -0.14049
    21.77000      -1.81876      -1.23087      -0.58789
    21.87000      -1.97952      -1.23944      -0.74008
    21.97000      -2.05453      -1.24706      -0.80747
    22.07000      -2.29004      -1.25390      -1.03614
    22.17000      -1.17820      -1.26007       0.08187
    22.27000      -1.46558      -1.26565      -0.19993
    22.37000      -1.15248      -1.27072       0.11824
    22.47000      -1.36171      -1.27534      -0.08637
    22.57000      -2.62445      -1.27957      -1.34488
    22.67000      -1.50537      -1.28344      -0.22193
    22.77000      -1.57977      -1.28700      -0.29277
    22.87000      -0.91502      -1.29026       0.37524
    22.97000      -1.63976      -1.29324      -0.34652
    23.07000      -1.40300      -1.29598      -0.10702
    23.17000      -1.66577      -1.29848      -0.36729
    23.27000      -1.47746      -1.30076      -0.17670
    23.37000      -1.85552      -1.30283      -0.55269
    23.47000      -1.13840      -1.30470       0.16630
    23.57000      -1.47348      -1.30636      -0.16712
    23.67000      -3.56060      -1.30784      -2.25276
    23.77000      -2.66318      -1.30912      -1.35406
    23.87000      -2.91879      -1.31021      -1.60858
    23.97000      -2.86209      -1.31112      -1.55097
    24.07000      -1.02073      -1.31183       0.29110
    24.17000      -0.58511      -1.31235       0.72724
    24.27000      -1.16471      -1.31268       0.14797
    24.37000      -1.58546      -1.31280      -0.27266
    24.47000      -0.81892      -1.31272       0.49380
    24.57000      -1.75856      -1.31242      -0.44614
    24.67000      -0.93865      -1.31189       0.37324
    24.77000      -1.55063      -1.31113      -0.23950
    24.87000      -1.88159      -1.31012      -0.57147
    24.97000      -1.58320      -1.30884      -0.27436
    25.07000      -1.84708      -1.30729      -0.53979
    25.17000      -2.27704      -1.30544      -0.97160
    25.27000      -0.64075      -1.30326       0.66251
    25.37000      -1.40756      -1.30075      -0.10681
    25.47000      -0.73418      -1.29785       0.56367
    25.57000      -1.65075      -1.29456      -0.35619
    25.67000      -0.93806      -1.29081       0.35275
    25.77000      -2.37066      -1.28658      -1.08408
    25.87000      -1.66377      -1.28181      -0.38196
    25.97000      -1.96303      -1.27644      -0.68659
    26.07000      -1.38480      -1.27040      -0.11440
    26.17000      -1.56763      -1.26360      -0.30403
    26.27000      -0.75157      -1.25595       0.50438
    26.37000      -1.94614      -1.24732      -0.69882
    26.47000      -1.38785      -1.23755      -0.15030
    26.57000      -0.64992      -1.22646       0.57654
    26.67000      -0.97067      -1.21378       0.24311
    26.77000      -2.58008      -1.19913      -1.38095
    26.87000      -1.09213      -1.18195       0.08982
    26.97000      -1.24712      -1.16127      -0.08585
    27.07000      -0.60245      -1.13556       0.53311
    27.17000      -0.78390      -1.10233       0.31843
    27.27000      -1.43315      -1.05804      -0.37511
    27.37000      -1.49611      -0.99843      -0.49768
    27.47000      -1.86583      -0.92004      -0.94579
    27.57000      -1.99988      -0.82286      -1.17702
    27.67000      -0.77307      -0.71337      -0.05970
    27.77000      -0.63903      -0.60672      -0.03231
    27.87000      -0.93178      -0.52600      -0.40578
    27.97000      -0.32141      -0.49084       0.16943
    28.07000      -0.35609      -0.49445       0.13836
    28.17000      -0.15682      -0.50451       0.34769
    28.27000      -0.79521      -0.49218      -0.30303
    28.37000      -0.74572      -0.44399      -0.30173
    28.47000      -0.33331      -0.35678       0.02347
    28.57000       0.20926      -0.23192       0.44118
    28.67000       0.50088      -0.07196       0.57284
    28.77000      -0.34445       0.12053      -0.46498
    28.87000       1.11302       0.34208       0.77094
    28.97000       0.31261       0.58636      -0.27375
    29.07000       0.11929       0.84171      -0.72242
    29.17000       0.92620       1.08934      -0.16314
    29.27000       1.10027       1.30337      -0.20310
    29.37000       0.73285       1.45447      -0.72162
    29.47000       0.93445       1.51785      -0.58340
    29.57000       1.86811       1.48322       0.38489
    29.67000       1.11735       1.36051      -0.24316
    29.77000       1.86738       1.17644       0.69094
    29.87000       1.88910       0.96406       0.92504
    29.97000       1.52609       0.75289       0.77320
    30.07000       0.91957       0.56464       0.35493
    30.17000       1.10348       0.41421       0.68927
    30.27000       0.06820       0.31373      -0.24553
    30.37000       0.46773       0.27789       0.18984
    30.47000      -0.31806       0.33002      -0.64808
    30.57000       0.35550       0.50757      -0.15207
    30.67000       0.84328       0.86380      -0.02052
    30.77000       1.54960       1.45936       0.09024
    30.87000       1.96292       2.33672      -0.37380
    30.97000       2.51405       3.47650      -0.96245
    31.07000       3.92239       4.74977      -0.82738
    31.17000       5.71856       5.89078      -0.17222
    31.27000       6.69550       6.52386       0.17164
    31.37000       6.89058       6.32875       0.56183
    31.47000       5.83206       5.33498       0.49708
    31.57000       4.21120       3.94389       0.26731
    31.67000       2.87330       2.57409       0.29921
    31.77000       0.41134       1.45017      -1.03883
    31.87000       1.31527       0.62972       0.68555
    31.97000       0.53954       0.07756       0.46198
    32.07000      -0.13689      -0.27692       0.14003
    32.17000      -0.22377      -0.50315       0.27938
    32.27000      -0.91645      -0.65273      -0.26372
    32.37000      -0.80263      -0.75779      -0.04484
    32.47000       0.12011      -0.83614       0.95625
    32.57000      -0.63193      -0.89718       0.26525
    32.67000      -0.52612      -0.94604       0.41992
    32.77000      -0.53517      -0.98578       0.45061
    32.87000      -2.30609      -1.01840      -1.28769
    32.97000      -1.42706      -1.04535      -0.38171
    33.07000      -1.18374      -1.06767      -0.11607
    33.17000      -0.95858      -1.08618       0.12760
    33.27000      -0.60475      -1.10150       0.49675
    33.37000      -0.46945      -1.11410       0.64465
    33.47000      -1.16576      -1.12436      -0.04140
    33.57000      -2.29917      -1.13257      -1.16660
    33.67000      -1.24956      -1.13896      -0.11060
    33.77000      -2.03951      -1.14372      -0.89579
    33.87000      -1.06665      -1.14698       0.08033
    33.97000      -1.08051      -1.14885       0.06834
    34.07000      -1.01528      -1.14940       0.13412
    34.17000      -1.40310      -1.14869      -0.25441
    34.27000      -1.59654      -1.14673      -0.44981
    34.37000      -1.35917      -1.14354      -0.21563
    34.47000      -0.78766      -1.13910       0.35144
    34.57000      -1.26422      -1.13337      -0.13085
    34.67000      -0.86276      -1.12629       0.26353
    34.77000      -0.23629      -1.11777       0.88148
    34.87000      -1.67210      -1.10770      -0.56440
    34.97000      -0.44189      -1.09592       0.65403
    35.07000      -0.86165      -1.08223       0.22058
    35.17000      -0.57682      -1.06637       0.48955
    35.27000      -0.90471      -1.04800       0.14329
    35.37000      -1.10135      -1.02668      -0.07467
    35.47000      -1.06961      -1.00181      -0.06780
    35.57000      -0.26984      -0.97261       0.70277
    35.67000      -0.90973      -0.93802       0.02829
    35.77000      -0.99624      -0.89670      -0.09954
    35.87000       0.02062      -0.84696       0.86758
    35.97000      -1.23842      -0.78671      -0.45171
    36.07000      -0.90035      -0.71355      -0.18680
    36.17000      -0.17838      -0.62480       0.44642
    36.27000      -0.54744      -0.51774      -0.02970
    36.37000      -0.38979      -0.38990       0.00011
    36.47000      -0.16418      -0.23961       0.07543
    36.57000       0.62047      -0.06674       0.68721
    36.67000       0.75348       0.12609       0.62739
    36.77000       1.00394       0.33202       0.67192
    36.87000       0.77350       0.53855       0.23495
    36.97000       1.27071       0.72771       0.54300
    37.07000       0.11145       0.87957      -0.76812
    37.17000       0.74370       0.97991      -0.23621
    37.27000       0.76286       1.02863      -0.26577
    37.37000       0.54272       1.04222      -0.49950
    37.47000       0.52646       1.04746      -0.52100
    37.57000       0.99767       1.07130      -0.07363
    37.67000       2.56481       1.13381       1.43100
    37.77000       1.85208       1.24562       0.60646
    37.87000       1.24638       1.40739      -0.16101
    37.97000       2.29161       1.60911       0.68250
    38.07000       1.74746       1.82853      -0.08107
    38.17000       2.19714       2.03079       0.16635
    38.27000       2.03902       2.17222      -0.13320
    38.37000       2.14533       2.21166      -0.06633
    38.47000       2.82032       2.12666       0.69366
    38.57000       1.27932       1.92448      -0.64516
    38.67000       1.93933       1.63789       0.30144
    38.77000       2.27220       1.30911       0.96309
    38.87000       1.16322       0.97476       0.18846
    38.97000      -0.03386       0.65947      -0.69333
    39.07000       1.48758       0.37659       1.11099
    39.17000       0.81642       0.13139       0.68503
    39.27000       0.68227      -0.07593       0.75820
    39.37000      -0.95167      -0.24799      -0.70368
    39.47000       0.10962      -0.38891       0.49853
    39.57000      -0.06778      -0.50335       0.43557
    39.67000       0.23865      -0.59595       0.83460
    39.77000      -0.84616      -0.67093      -0.17523
    39.87000      -2.39136      -0.73196      -1.65940
    39.97000      -1.90956      -0.78204      -1.12752
    40.07000      -1.06195      -0.82354      -0.23841
    40.17000      -1.09733      -0.85830      -0.23903
    40.27000      -1.48724      -0.88770      -0.59954
    40.37000      -0.12343      -0.91279       0.78936
    40.47000      -1.19890      -0.93435      -0.26455
    40.57000       0.03676      -0.95299       0.98975
    40.67000       0.55208      -0.96915       1.52123
    40.77000      -0.66454      -0.98321       0.31867
    40.87000       0.54419      -0.99546       1.53965
    40.97000      -1.49240      -1.00613      -0.48627
    41.07000      -1.65475      -1.01544      -0.63931
    41.17000      -0.63136      -1.02354       0.39218
    41.27000      -1.29501      -1.03058      -0.26443
    41.37000      -0.02052      -1.03669       1.01617
    41.47000      -1.28993      -1.04195      -0.24798
    41.57000      -1.05683      -1.04646      -0.01037
    41.67000      -0.98706      -1.05030       0.06324
    41.77000      -0.48251      -1.05354       0.57103
    41.87000      -1.07373      -1.05623      -0.01750
    41.97000      -1.38040      -1.05842      -0.32198
    42.07000      -0.72225      -1.06016       0.33791
    42.17000      -1.09561      -1.06148      -0.03413
    42.27000      -0.47302      -1.06241       0.58939
    42.37000      -0.51608      -1.06299       0.54691
    42.47000      -0.44851      -1.06324       0.61473
    42.57000      -0.82304      -1.06318       0.24014
    42.67000      -0.87397      -1.06283       0.18886
    42.77000      -0.84514      -1.06220       0.21706
    42.87000      -1.53053      -1.06130      -0.46923
    42.97000      -0.71115      -1.06015       0.34900
    43.07000      -1.36163      -1.05875      -0.30288
    43.17000      -0.96708      -1.05710       0.09002
    43.27000      -0.27756      -1.05522       0.77766
    43.37000      -1.26860      -1.05308      -0.21552
    43.47000      -0.51198      -1.05070       0.53872
    43.57000      -0.34131      -1.04807       0.70676
    43.67000      -1.57871      -1.04516      -0.53355
    43.77000      -1.21698      -1.04198      -0.17500
    43.87000      -1.22557      -1.03850      -0.18707
    43.97000      -1.84911      -1.03481      -0.81430
    44.07000      -0.64314      -1.03040       0.38726
    44.17000      -0.62332      -1.02546       0.40214
    44.27000      -0.82955      -1.01983       0.19028
    44.37000      -0.67163      -1.01325       0.34162
    44.47000      -1.64664      -1.00530      -0.64134
    44.57000      -1.69477      -0.99529      -0.69948
    44.67000      -1.50854      -0.98216      -0.52638
    44.77000      -0.89714      -0.96445       0.06731
    44.87000      -0.53272       0.00000      -0.53272
    44.97000      -1.32027       0.00000      -1.32027
    45.07000      -1.46379       0.00000      -1.46379
    45.17000      -1.03009       0.00000      -1.03009
    45.27000      -1.22333       0.00000      -1.22333
    45.37000      -2.58615       0.00000      -2.58615
    45.47000      -1.96804       0.00000      -1.96804
    45.57000      -1.37926       0.00000      -1.37926
    45.67000      -3.45472       0.00000      -3.45472
    45.77000      -2.47781       0.00000      -2.47781
    45.87000      -1.98291       0.00000      -1.98291
    45.97000      -1.21964       0.00000      -1.21964
    46.07000      -1.82895       0.00000      -1.82895
    46.17000       0.56921       0.00000       0.56921
    46.27000       0.70707       0.00000       0.70707
    46.37000      -0.11218       0.00000      -0.11218
    46.47000      -1.87104       0.00000      -1.87104
    46.57000      -1.82327       0.00000      -1.82327
    46.67000      -0.47175       0.00000      -0.47175
    46.77000      -1.20193       0.00000      -1.20193
    46.87000      -3.81854       0.00000      -3.81854
    46.97000      -1.72131       0.00000      -1.72131
    47.07000      -4.30863       0.00000      -4.30863
    47.17000      -2.90253       0.00000      -2.90253
    47.27000      -3.50724       0.00000      -3.50724
    47.37000      -1.42820       0.00000      -1.42820
    47.47000       0.43319       0.00000       0.43319
    47.57000      -0.52027       0.00000      -0.52027
    47.67000       1.80303       0.00000       1.80303
    47.77000       2.79950       0.00000       2.79950
    47.87000       2.35077       0.00000       2.35077
    47.97000       2.15298       0.00000       2.15298
    48.07000       1.64996       0.00000       1.64996
    48.17000       1.29325       0.00000       1.29325
    48.27000      -0.24875       0.00000      -0.24875
    48.37000      -0.62574       0.00000      -0.62574
    48.47000      -0.36712       0.00000      -0.36712
    48.57000       0.50519       0.00000       0.50519
    48.67000       1.65762       0.00000       1.65762
    48.77000      -0.98318       0.00000      -0.98318
    48.87000       0.36279       0.00000       0.36279
    48.97000       1.86658       0.00000       1.86658
    49.07000       0.06995       0.00000       0.06995
    49.17000       1.50034       0.00000       1.50034
    49.27000       1.30682       0.00000       1.30682
    49.37000       0.90208       0.00000       0.90208
    49.47000       0.00433       0.00000       0.00433
    49.57000       0.63808       0.00000       0.63808
    49.67000       0.50336       0.00000       0.50336
    49.77000      -0.77730       0.00000      -0.77730
    49.87000      -0.11040       0.00000      -0.11040
    49.97000      -0.19291       0.00000      -0.19291
    50.07000      -1.01521       0.00000      -1.01521
    50.17000      -0.51117      -0.81597       0.30480
    50.27000       0.60869      -0.81086       1.41955
    50.37000      -1.04936      -0.80500      -0.24436
    50.47000      -0.89514      -0.79832      -0.09682
    50.57000      -1.21569      -0.79070      -0.42499
    50.67000      -1.71378      -0.78197      -0.93181
    50.77000      -0.93547      -0.77181      -0.16366
    50.87000       0.05239      -0.75976       0.81215
    50.97000      -0.02815      -0.74506       0.71691
    51.07000      -1.04994      -0.72655      -0.32339
    51.17000      -0.24072      -0.70260       0.46188
    51.27000       0.06951      -0.67100       0.74051
    51.37000      -0.77040      -0.62909      -0.14131
    51.47000      -0.27588      -0.57400       0.29812
    51.57000       0.27474      -0.50321       0.77795
    51.67000       0.70775      -0.41531       1.12306
    51.77000      -1.02252      -0.31090      -0.71162
    51.87000       0.20651      -0.19356       0.40007
    51.97000       0.05205      -0.07078       0.12283
    52.07000       0.24547       0.04546       0.20001
    52.17000      -0.41878       0.13976      -0.55854
    52.27000      -0.58580       0.19778      -0.78358
    52.37000       0.27044       0.21395       0.05649
    52.47000       1.11787       0.19670       0.92117
    52.57000      -0.44746       0.16546      -0.61292
    52.67000       0.07260       0.14266      -0.07006
    52.77000       0.70053       0.14772       0.55281
    52.87000       0.05789       0.19457      -0.13668
    52.97000       0.84950       0.29100       0.55850
    53.07000       1.12872       0.43819       0.69053
    53.17000       1.22914       0.63011       0.59903
    53.27000       1.33308       0.85271       0.48037
    53.37000       2.60085       1.08368       1.51717
    53.47000       1.25610       1.29512      -0.03902
    53.57000       2.41922       1.46188       0.95734
    53.67000       2.06794       1.57258       0.49536
    53.77000       2.19383       1.63279       0.56104
    53.87000       2.05100       1.65491       0.39609
    53.97000       1.17036       1.64429      -0.47393
    54.07000       1.17026       1.59335      -0.42309
    54.17000       0.19404       1.48744      -1.29340
    54.27000       0.60950       1.31859      -0.70909
    54.37000       0.60443       1.09585      -0.49142
    54.47000      -0.31161       0.84256      -1.15417
    54.57000       0.61805       0.58500       0.03305
    54.67000       0.57287       0.34378       0.22909
    54.77000       0.13295       0.13159       0.00136
    54.87000       0.70837      -0.04575       0.75412
    54.97000       0.15330      -0.18750       0.34080
    55.07000       0.67481      -0.29639       0.97120
    55.17000      -0.67729      -0.37715      -0.30014
    55.27000      -0.93581      -0.43531      -0.50050
    55.37000      -1.24022      -0.47620      -0.76402
    55.47000      -0.32340      -0.50441       0.18101
    55.57000      -0.24858      -0.52349       0.27491
    55.67000      -0.54588      -0.53598      -0.00990
    55.77000      -0.53481      -0.54352       0.00871
    55.87000       0.19278      -0.54706       0.73984
    55.97000      -0.38694      -0.54699       0.16005
    56.07000      -0.64665      -0.54322      -0.10343
    56.17000      -0.17992      -0.53518       0.35526
    56.27000      -0.91330      -0.52182      -0.39148
    56.37000      -0.12859      -0.50155       0.37296
    56.47000       0.08241      -0.47228       0.55469
    56.57000      -1.02588      -0.43148      -0.59440
    56.67000      -1.21188      -0.37650      -0.83538
    56.77000      -0.27350      -0.30496       0.03146
    56.87000      -0.61370      -0.21532      -0.39838
    56.97000      -0.13300      -0.10756      -0.02544
    57.07000      -0.77017       0.01615      -0.78632
    57.17000      -0.20044       0.15078      -0.35122
    57.27000       0.23835       0.28787      -0.04952
    57.37000       0.37730       0.41567      -0.03837
    57.47000       0.29753       0.52126      -0.22373
    57.57000       0.73069       0.59550       0.13519
    57.67000       0.91061       0.63847       0.27214
    57.77000      -0.47812       0.66009      -1.13821
    57.87000      -0.62349       0.67457      -1.29806
    57.97000      -0.07001       0.69328      -0.76329
    58.07000       0.91872       0.72035       0.19837
    58.17000       0.27893       0.75120      -0.47227
    58.27000       0.40224       0.77325      -0.37101
    58.37000       0.85861       0.76943       0.08918
    58.47000       0.24549       0.72516      -0.47967
    58.57000       0.29399       0.63592      -0.34193
    58.67000       0.21562       0.50951      -0.29389
    58.77000       0.61053       0.36118       0.24935
    58.87000       0.04657       0.20682      -0.16025
    58.97000      -0.53247       0.05895      -0.59142
    59.07000       0.47392      -0.07417       0.54809
    59.17000      -0.00528      -0.18810       0.18282
    59.27000      -0.59365      -0.28147      -0.31218
    59.37000      -1.45709      -0.35512      -1.10197
    59.47000      -0.44749      -0.41138      -0.03611
    59.57000      -0.23864      -0.45326       0.21462
    59.67000      -0.76453      -0.48390      -0.28063
    59.77000      -0.97384      -0.50614      -0.46770
    59.87000      -0.84224      -0.52230      -0.31994
    59.97000      -0.48819      -0.53417       0.04598
    60.07000       0.49614      -0.54303       1.03917
    60.17000      -0.56027      -0.54974      -0.01053
    60.27000      -0.97455      -0.55488      -0.41967
    60.37000      -0.98601      -0.55881      -0.42720
    60.47000       0.33950      -0.56174       0.90124
    60.57000      -0.53570      -0.56381       0.02811
    60.67000      -0.27411      -0.56508       0.29097
    60.77000      -0.82093      -0.56554      -0.25539
    60.87000      -0.45073      -0.56512       0.11439
    60.97000      -1.39476      -0.56369      -0.83107
    61.07000      -0.53894      -0.56106       0.02212
    61.17000       0.06052      -0.55698       0.61750
    61.27000      -0.61896      -0.55117      -0.06779
    61.37000      -0.52707      -0.54337       0.01630
    61.47000      -0.42272      -0.53336       0.11064
    61.57000      -1.24739      -0.52110      -0.72629
    61.67000      -0.47844      -0.50675       0.02831
    61.77000      -0.09619      -0.49078       0.39459
    61.87000      -0.46051      -0.47404       0.01353
    61.97000      -0.81891      -0.45785      -0.36106
    62.07000      -0.52409      -0.44392      -0.08017
    62.17000      -0.58481      -0.43422      -0.15059
    62.27000      -0.09730      -0.43032       0.33302
    62.37000      -0.87000      -0.43280      -0.43720
    62.47000      -0.44294      -0.44093      -0.00201
    62.57000      -0.94722      -0.45301      -0.49421
    62.67000      -0.55191      -0.46713      -0.08478
    62.77000      -0.53964      -0.48161      -0.05803
    62.87000      -1.23074      -0.49523      -0.73551
    62.97000      -0.45975      -0.50720       0.04745
    63.07000      -0.98306      -0.51712      -0.46594
    63.17000      -0.08047      -0.52489       0.44442
    63.27000      -0.22072      -0.53060       0.30988
    63.37000      -0.93601      -0.53449      -0.40152
    63.47000      -0.61916      -0.53684      -0.08232
    63.57000      -0.25427      -0.53795       0.28368
    63.67000      -0.72516      -0.53807      -0.18709
    63.77000      -1.08411      -0.53740      -0.54671
    63.87000      -0.63690      -0.53609      -0.10081
    63.97000      -0.59853      -0.53421      -0.06432
    64.07000      -0.43157      -0.53181       0.10024
    64.17000      -1.40952      -0.52890      -0.88062
    64.27000      -1.34915      -0.52549      -0.82366
    64.37000      -1.35074      -0.52159      -0.82915
    64.47000      -1.00156      -0.51723      -0.48433
    64.57000       0.58635      -0.51251       1.09886
    64.67000      -0.93318      -0.50753      -0.42565
    64.77000      -0.76692      -0.50250      -0.26442
    64.87000      -0.80287      -0.49766      -0.30521
    64.97000      -1.57744      -0.49328      -1.08416
    65.07000      -0.93057      -0.48960      -0.44097
    65.17000      -1.43004      -0.48670      -0.94334
    65.27000       0.35611      -0.48447       0.84058
    65.37000       0.15371      -0.48264       0.63635
    65.47000      -0.86015      -0.48087      -0.37928
    65.57000       0.01061      -0.47881       0.48942
    65.67000      -0.96565      -0.47613      -0.48952
    65.77000       0.35706      -0.47255       0.82961
    65.87000      -0.22014      -0.46781       0.24767
    65.97000      -0.66432      -0.46130      -0.20302
    66.07000       1.03834      -0.45248       1.49082
    66.17000      -1.26978      -0.44090      -0.82888
    66.27000      -1.55630      -0.42583      -1.13047
    66.37000       0.14178      -0.40644       0.54822
    66.47000      -0.92581      -0.38187      -0.54394
    66.57000      -0.05221      -0.35124       0.29903
    66.67000      -0.62948      -0.31387      -0.31561
    66.77000      -0.48999      -0.26944      -0.22055
    66.87000       0.14212      -0.21814       0.36026
    66.97000      -0.88721      -0.16099      -0.72622
    67.07000      -0.28858      -0.09995      -0.18863
    67.17000       1.02155      -0.03811       1.05966
    67.27000      -0.84243       0.02043      -0.86286
    67.37000      -0.16437       0.07096      -0.23533
    67.47000      -0.03746       0.10887      -0.14633
    67.57000      -0.41119       0.13039      -0.54158
    67.67000       0.87836       0.13346       0.74490
    67.77000      -0.00676       0.11837      -0.12513
    67.87000      -0.27109       0.08803      -0.35912
    67.97000       0.59819       0.04741       0.55078
    68.07000       0.32138       0.00239       0.31899
    68.17000       0.08741      -0.04134       0.12875
    68.27000       0.37071      -0.07902       0.44973
    68.37000       0.49082      -0.10704       0.59786
    68.47000      -0.08800      -0.12290       0.03490
    68.57000       0.33848      -0.12515       0.46363
    68.67000       0.11704      -0.11325       0.23029
    68.77000      -0.95966      -0.08758      -0.87208
    68.87000       0.35903      -0.04940       0.40843
    68.97000      -0.96823      -0.00090      -0.96733
    69.07000       0.32537       0.05472       0.27065
    69.17000       0.59654       0.11324       0.48330
    69.27000      -0.03552       0.16964      -0.20516
    69.37000      -0.76602       0.21867      -0.98469
    69.47000      -0.32075       0.25602      -0.57677
    69.57000      -0.26983       0.27926      -0.54909
    69.67000      -0.30995       0.28822      -0.59817
    69.77000      -0.24765       0.28461      -0.53226
    69.87000      -0.23329       0.27151      -0.50480
    69.97000       0.39493       0.25304       0.14189
    70.07000       0.46346       0.23377       0.22969
    70.17000       0.33844       0.21782       0.12062
    70.27000      -0.43240       0.20809      -0.64049
    70.37000       0.33630       0.20591       0.13039
    70.47000       0.33767       0.21113       0.12654
    70.57000       0.01515       0.22237      -0.20722
    70.67000      -0.00925       0.23719      -0.24644
    70.77000      -0.24657       0.25208      -0.49865
    70.87000      -0.79773       0.26263      -1.06036
    70.97000       0.37704       0.26418       0.11286
    71.07000       0.68237       0.25320       0.42917
    71.17000       0.28118       0.22872       0.05246
    71.27000       0.30158       0.19288       0.10870
    71.37000       0.16215       0.15011       0.01204
    71.47000       0.44689       0.10571       0.34118
    71.57000       0.18132       0.06466       0.11666
    71.67000      -0.48596       0.03101      -0.51697
    71.77000       0.41721       0.00767       0.40954
    71.87000      -0.23098      -0.00360      -0.22738
    71.97000      -0.19683      -0.00219      -0.19464
    72.07000       0.17099       0.01142       0.15957
    72.17000      -0.34511       0.03557      -0.38068
    72.27000      -0.31793       0.06755      -0.38548
    72.37000       0.25210       0.10355       0.14855
    72.47000       0.35065       0.13889       0.21176
    72.57000       0.02246       0.16841      -0.14595
    72.67000      -0.88051       0.18724      -1.06775
    72.77000       0.45849       0.19172       0.26677
    72.87000       0.31946       0.18026       0.13920
    72.97000       0.10875       0.15367      -0.04492
    73.07000      -0.15219       0.11490      -0.26709
    73.17000       0.17029       0.06815       0.10214
    73.27000       0.41537       0.01788       0.39749
    73.37000      -0.62563      -0.03189      -0.59374
    73.47000      -0.15268      -0.07795      -0.07473
    73.57000       0.30861      -0.11793       0.42654
    73.67000       0.15321      -0.15020       0.30341
    73.77000      -0.19466      -0.17376      -0.02090
    73.87000      -0.55204      -0.18812      -0.36392
    73.97000      -0.22336      -0.19323      -0.03013
    74.07000      -0.33504      -0.18936      -0.14568
    74.17000      -0.14401      -0.17713       0.03312
    74.27000      -0.47737      -0.15747      -0.31990
    74.37000      -0.38163      -0.13167      -0.24996
    74.47000       0.71031      -0.10140       0.81171
    74.57000       0.10349      -0.06883       0.17232
    74.67000      -0.63569      -0.03664      -0.59905
    74.77000       0.01063      -0.00806       0.01869
    74.87000       0.28015       0.01345       0.26670
    74.97000      -0.33033       0.02473      -0.35506
